102 317 
K 
0 79 1.9964 
0 101 1.9964 
1 13 1.7819999999999998 
1 58 1.7819999999999998 
1 74 1.7819999999999998 
2 65 1.9365999999999999 
2 101 1.9365999999999999 
3 4 3.5639999999999996 
3 56 1.7094 
3 61 1.771 
4 3 3.5639999999999996 
4 33 4.3148 
4 80 4.3033 
5 59 1.8630000000000002 
5 71 4.05 
5 96 1.8630000000000002 
6 47 1.7819999999999998 
6 59 2.185 
7 16 1.564 
7 78 1.564 
8 31 1.7819999999999998 
8 35 1.7094 
8 37 1.7094 
8 50 1.771 
8 56 1.7094 
8 69 1.7819999999999998 
9 24 1.8630000000000002 
9 87 1.8630000000000002 
10 76 5.1941999999999995 
10 89 1.7313999999999998 
10 93 3.4627999999999997 
11 83 1.9780000000000002 
11 88 1.9964 
12 31 2.013 
12 50 1.7819999999999998 
13 1 1.7819999999999998 
13 57 1.6997 
13 74 1.7819999999999998 
13 79 3.9928 
14 17 1.7819999999999998 
14 29 1.7819999999999998 
14 30 4.05 
14 76 1.386 
15 38 1.7819999999999998 
15 52 1.8630000000000002 
15 87 1.8630000000000002 
16 7 1.564 
17 14 1.7819999999999998 
17 90 2.772 
18 51 1.7819999999999998 
18 82 2.07 
19 20 7.06 
19 70 4.05 
19 80 7.06 
19 99 3.52 
20 19 7.06 
20 76 7.06 
21 21 7.127999999999999 
21 25 1.7819999999999998 
21 39 4.416 
21 41 1.7819999999999998 
21 86 3.5639999999999996 
21 96 3.872 
22 24 1.7819999999999998 
23 39 3.3 
23 66 2.112 
23 97 2.112 
24 9 1.8630000000000002 
24 22 1.7819999999999998 
24 38 1.8612 
24 54 1.9712 
24 71 3.9928 
25 21 1.7819999999999998 
25 73 1.7819999999999998 
26 83 3.3132 
27 28 1.5202 
28 27 1.5202 
28 36 3.5639999999999996 
28 100 1.386 
29 14 1.7819999999999998 
29 94 1.7819999999999998 
30 14 4.05 
30 34 1.386 
30 60 4.05 
30 100 3.312 
31 8 1.7819999999999998 
31 12 2.013 
31 35 1.7094 
31 69 2.013 
32 37 1.7094 
32 61 1.771 
32 62 1.7094 
33 4 4.3148 
33 44 2.07 
33 46 2.4058 
33 51 3.8777999999999997 
33 80 4.14 
33 81 1.38 
33 101 3.358 
34 30 1.386 
34 76 5.544 
34 85 2.772 
35 8 1.7094 
35 31 1.7094 
35 61 1.7094 
35 69 1.7819999999999998 
36 28 3.5639999999999996 
36 85 1.386 
36 92 1.386 
37 8 1.7094 
37 32 1.7094 
37 40 3.2752 
37 56 1.7094 
37 62 1.7094 
37 67 1.7094 
37 80 3.5639999999999996 
38 15 1.7819999999999998 
38 24 1.8612 
38 52 1.633 
38 71 1.7819999999999998 
38 86 3.1532999999999998 
38 87 3.5639999999999996 
38 88 1.7819999999999998 
39 21 4.416 
39 23 3.3 
39 48 2.2769999999999997 
39 96 4.416 
39 97 1.449 
40 37 3.2752 
40 53 1.7819999999999998 
41 21 1.7819999999999998 
41 73 1.7819999999999998 
42 58 1.7819999999999998 
42 68 7.127999999999999 
42 74 1.7819999999999998 
42 79 3.9560000000000004 
43 63 1.9964 
43 65 1.9365999999999999 
43 77 1.9365999999999999 
43 82 2.185 
44 33 2.07 
44 81 2.07 
45 47 4.416 
45 66 4.416 
46 33 2.4058 
46 51 1.9458000000000002 
47 6 1.7819999999999998 
47 45 4.416 
47 57 3.5639999999999996 
47 59 2.116 
47 81 4.14 
48 39 2.2769999999999997 
48 97 1.7819999999999998 
49 71 1.9964 
49 72 4.3296 
49 80 1.7819999999999998 
50 8 1.771 
50 12 1.7819999999999998 
50 61 1.771 
51 18 1.7819999999999998 
51 33 3.8777999999999997 
51 46 1.9458000000000002 
51 80 3.8 
51 82 3.762 
52 15 1.8630000000000002 
52 38 1.633 
52 60 1.311 
52 88 1.9964 
52 95 1.8630000000000002 
53 40 1.7819999999999998 
53 71 1.5663999999999998 
54 24 1.9712 
55 72 4.3472 
55 81 4.3824000000000005 
56 3 1.7094 
56 8 1.7094 
56 37 1.7094 
57 13 1.6997 
57 47 3.5639999999999996 
58 1 1.7819999999999998 
58 42 1.7819999999999998 
59 5 1.8630000000000002 
59 6 2.185 
59 47 2.116 
59 72 2.185 
59 96 2.99 
60 30 4.05 
60 52 1.311 
60 83 1.7825 
60 87 4.05 
61 3 1.771 
61 32 1.771 
61 35 1.7094 
61 50 1.771 
62 32 1.7094 
62 37 1.7094 
62 67 1.7094 
63 43 1.9964 
63 79 1.9964 
64 86 3.266 
65 2 1.9365999999999999 
65 43 1.9365999999999999 
65 77 1.9365999999999999 
65 101 1.9365999999999999 
66 23 2.112 
66 45 4.416 
66 84 2.208 
67 37 1.7094 
67 62 1.7094 
67 71 1.5985 
68 42 7.127999999999999 
69 8 1.7819999999999998 
69 31 2.013 
69 35 1.7819999999999998 
70 19 4.05 
70 80 4.05 
71 5 4.05 
71 24 3.9928 
71 38 1.7819999999999998 
71 49 1.9964 
71 53 1.5663999999999998 
71 67 1.5985 
71 87 4.05 
71 91 3.8192000000000004 
72 49 4.3296 
72 55 4.3472 
72 59 2.185 
72 80 4.2592 
73 25 1.7819999999999998 
73 41 1.7819999999999998 
73 75 3.5639999999999996 
74 1 1.7819999999999998 
74 13 1.7819999999999998 
74 42 1.7819999999999998 
75 73 3.5639999999999996 
76 10 5.1941999999999995 
76 14 1.386 
76 20 7.06 
76 34 5.544 
76 89 4.158 
76 94 1.386 
77 43 1.9365999999999999 
77 65 1.9365999999999999 
78 7 1.564 
78 95 1.564 
79 0 1.9964 
79 13 3.9928 
79 42 3.9560000000000004 
79 63 1.9964 
80 4 4.3033 
80 19 7.06 
80 33 4.14 
80 37 3.5639999999999996 
80 49 1.7819999999999998 
80 51 3.8 
80 70 4.05 
80 72 4.2592 
81 33 1.38 
81 44 2.07 
81 47 4.14 
81 55 4.3824000000000005 
82 18 2.07 
82 43 2.185 
82 51 3.762 
82 101 2.07 
83 11 1.9780000000000002 
83 26 3.3132 
83 60 1.7825 
83 88 1.9780000000000002 
84 66 2.208 
84 97 2.208 
85 34 2.772 
85 36 1.386 
85 92 1.386 
86 21 3.5639999999999996 
86 38 3.1532999999999998 
86 64 3.266 
87 9 1.8630000000000002 
87 15 1.8630000000000002 
87 38 3.5639999999999996 
87 60 4.05 
87 71 4.05 
88 11 1.9964 
88 38 1.7819999999999998 
88 52 1.9964 
88 83 1.9780000000000002 
89 10 1.7313999999999998 
89 76 4.158 
90 17 2.772 
90 94 2.772 
91 71 3.8192000000000004 
92 36 1.386 
92 85 1.386 
93 10 3.4627999999999997 
94 29 1.7819999999999998 
94 76 1.386 
94 90 2.772 
95 52 1.8630000000000002 
95 78 1.564 
96 5 1.8630000000000002 
96 21 3.872 
96 39 4.416 
96 59 2.99 
97 23 2.112 
97 39 1.449 
97 48 1.7819999999999998 
97 84 2.208 
98 99 1.7819999999999998 
99 19 3.52 
99 98 1.7819999999999998 
100 28 1.386 
100 30 3.312 
101 0 1.9964 
101 2 1.9365999999999999 
101 33 3.358 
101 65 1.9365999999999999 
101 82 2.07 
P 
0 0 -0.6194389459459461 -0.6194389459459461 
1 0 -0.6194389459459461 -0.6194389459459461 
2 1 2.04 2.04 
3 0 -0.6194389459459461 -0.6194389459459461 
4 0 -0.6194389459459461 -0.6194389459459461 
5 0 -0.6194389459459461 -0.6194389459459461 
6 0 -0.6194389459459461 -0.6194389459459461 
7 0 -0.6194389459459461 -0.6194389459459461 
8 0 -0.6194389459459461 -0.6194389459459461 
9 1 0.04000000000000001 0.04000000000000001 
10 0 -0.6194389459459461 -0.6194389459459461 
11 0 -0.6194389459459461 -0.6194389459459461 
12 0 -0.6194389459459461 -0.6194389459459461 
13 1 3.24 3.24 
14 0 -0.6194389459459461 -0.6194389459459461 
15 0 -0.6194389459459461 -0.6194389459459461 
16 0 -0.6194389459459461 -0.6194389459459461 
17 1 0.137 0.137 
18 0 -0.6194389459459461 -0.6194389459459461 
19 0 -0.6194389459459461 -0.6194389459459461 
20 0 -0.6194389459459461 -0.6194389459459461 
21 1 6.0 6.0 
22 0 -0.6194389459459461 -0.6194389459459461 
23 0 -0.6194389459459461 -0.6194389459459461 
24 0 -0.6194389459459461 -0.6194389459459461 
25 0 -0.6194389459459461 -0.6194389459459461 
26 0 -0.6194389459459461 -0.6194389459459461 
27 0 -0.6194389459459461 -0.6194389459459461 
28 0 -0.6194389459459461 -0.6194389459459461 
29 0 -0.6194389459459461 -0.6194389459459461 
30 0 -0.6194389459459461 -0.6194389459459461 
31 0 -0.6194389459459461 -0.6194389459459461 
32 0 -0.6194389459459461 -0.6194389459459461 
33 0 -0.6194389459459461 -0.6194389459459461 
34 0 -0.6194389459459461 -0.6194389459459461 
35 1 1.212 1.212 
36 1 0.286 0.286 
37 1 3.36 3.36 
38 0 -0.6194389459459461 -0.6194389459459461 
39 1 7.2780000000000005 7.2780000000000005 
40 1 1.02 1.02 
41 0 -0.6194389459459461 -0.6194389459459461 
42 0 -0.6194389459459461 -0.6194389459459461 
43 0 -0.6194389459459461 -0.6194389459459461 
44 0 -0.6194389459459461 -0.6194389459459461 
45 1 1.944 1.944 
46 0 -0.6194389459459461 -0.6194389459459461 
47 0 -0.6194389459459461 -0.6194389459459461 
48 0 -0.6194389459459461 -0.6194389459459461 
49 1 0.45999999999999996 0.45999999999999996 
50 1 0.63 0.63 
51 0 -0.6194389459459461 -0.6194389459459461 
52 0 -0.6194389459459461 -0.6194389459459461 
53 0 -0.6194389459459461 -0.6194389459459461 
54 1 0.167 0.167 
55 1 2.376 2.376 
56 0 -0.6194389459459461 -0.6194389459459461 
57 0 -0.6194389459459461 -0.6194389459459461 
58 0 -0.6194389459459461 -0.6194389459459461 
59 0 -0.6194389459459461 -0.6194389459459461 
60 0 -0.6194389459459461 -0.6194389459459461 
61 0 -0.6194389459459461 -0.6194389459459461 
62 0 -0.6194389459459461 -0.6194389459459461 
63 0 -0.6194389459459461 -0.6194389459459461 
64 1 0.321 0.321 
65 0 -0.6194389459459461 -0.6194389459459461 
66 1 1.656 1.656 
67 0 -0.8355179999999999 -0.8355179999999999 
68 0 -0.6194389459459461 -0.6194389459459461 
69 1 2.6999999999999997 2.6999999999999997 
70 1 3.9599999999999995 3.9599999999999995 
71 0 -0.6194389459459461 -0.6194389459459461 
72 0 -0.6194389459459461 -0.6194389459459461 
73 0 -0.6194389459459461 -0.6194389459459461 
74 1 2.4 2.4 
75 0 -0.6194389459459461 -0.6194389459459461 
76 0 -0.6194389459459461 -0.6194389459459461 
77 1 1.62 1.62 
78 0 -0.6194389459459461 -0.6194389459459461 
79 0 -0.6194389459459461 -0.6194389459459461 
80 0 -0.6194389459459461 -0.6194389459459461 
81 0 -0.6194389459459461 -0.6194389459459461 
82 0 -0.6194389459459461 -0.6194389459459461 
83 0 -0.6194389459459461 -0.6194389459459461 
84 0 -0.6194389459459461 -0.6194389459459461 
85 0 -0.6194389459459461 -0.6194389459459461 
86 0 -0.6194389459459461 -0.6194389459459461 
87 0 -0.6194389459459461 -0.6194389459459461 
88 1 0.15500000000000003 0.15500000000000003 
89 1 0.918 0.918 
90 1 0.31400000000000006 0.31400000000000006 
91 1 0.30000000000000004 0.30000000000000004 
92 0 -0.6194389459459461 -0.6194389459459461 
93 1 0.1 0.1 
94 0 -0.6194389459459461 -0.6194389459459461 
95 0 -0.6194389459459461 -0.6194389459459461 
96 0 -0.6194389459459461 -0.6194389459459461 
97 0 -0.6194389459459461 -0.6194389459459461 
98 0 -0.6194389459459461 -0.6194389459459461 
99 1 2.04 2.04 
100 0 -0.6194389459459461 -0.6194389459459461 
101 0 -0.6194389459459461 -0.6194389459459461 
Alfa 
0 0.1 
1 0.1 
2 0.1 
3 0.1 
4 0.1 
5 0.1 
6 0.1 
7 0.1 
8 0.1 
9 0.1 
10 0.1 
11 0.1 
12 0.1 
13 0.1 
14 0.1 
15 0.1 
16 0.1 
17 0.1 
18 0.1 
19 0.1 
20 0.1 
21 0.1 
22 0.1 
23 0.1 
24 0.1 
25 0.1 
26 0.1 
27 0.1 
28 0.1 
29 0.1 
30 0.1 
31 0.1 
32 0.1 
33 0.1 
34 0.1 
35 0.1 
36 0.1 
37 0.1 
38 0.1 
39 0.1 
40 0.1 
41 0.1 
42 0.1 
43 0.1 
44 0.1 
45 0.1 
46 0.1 
47 0.1 
48 0.1 
49 0.1 
50 0.1 
51 0.1 
52 0.1 
53 0.1 
54 0.1 
55 0.1 
56 0.1 
57 0.1 
58 0.1 
59 0.1 
60 0.1 
61 0.1 
62 0.1 
63 0.1 
64 0.1 
65 0.1 
66 0.1 
67 0.1 
68 0.1 
69 0.1 
70 0.1 
71 0.1 
72 0.1 
73 0.1 
74 0.1 
75 0.1 
76 0.1 
77 0.1 
78 0.1 
79 0.1 
80 0.1 
81 0.1 
82 0.1 
83 0.1 
84 0.1 
85 0.1 
86 0.1 
87 0.1 
88 0.1 
89 0.1 
90 0.1 
91 0.1 
92 0.1 
93 0.1 
94 0.1 
95 0.1 
96 0.1 
97 0.1 
98 0.1 
99 0.1 
100 0.1 
101 0.1 
