102 309 
K 
0 79 199.64 
0 101 199.64 
1 13 178.2 
1 58 178.2 
1 74 178.2 
2 65 193.66 
2 101 193.66 
3 4 178.2 
3 56 170.94 
3 61 177.1 
4 3 178.2 
4 33 215.74 
4 80 223.33 
5 59 186.3 
5 71 405.0 
5 96 186.3 
6 47 178.2 
6 59 218.5 
7 16 156.4 
7 78 156.4 
8 31 178.2 
8 35 170.94 
8 37 170.94 
8 50 177.1 
8 56 170.94 
9 24 186.3 
9 87 186.3 
10 76 173.14 
10 89 173.14 
10 93 173.14 
11 83 197.8 
11 88 199.64 
12 31 201.3 
12 50 178.2 
13 1 178.2 
13 57 169.97 
13 74 178.2 
13 79 199.64 
14 17 178.2 
14 29 178.2 
14 30 405.0 
14 76 138.6 
15 38 178.2 
15 52 186.3 
15 87 186.3 
16 7 156.4 
17 14 178.2 
17 90 138.6 
18 51 178.2 
18 82 207.0 
19 20 353.0 
19 70 405.0 
19 80 353.0 
19 99 176.0 
20 19 353.0 
20 76 353.0 
21 21 178.2 
21 25 178.2 
21 39 220.8 
21 41 178.2 
21 96 193.6 
22 24 178.2 
23 39 173.8 
23 66 211.2 
23 97 211.2 
24 9 186.3 
24 22 178.2 
24 38 186.12 
24 54 197.12 
24 71 199.64 
25 21 178.2 
25 73 178.2 
26 83 165.66 
27 28 152.02 
28 27 152.02 
28 36 178.2 
28 100 138.6 
29 14 178.2 
29 94 178.2 
30 14 405.0 
30 34 138.6 
30 60 405.0 
30 100 186.3 
31 8 178.2 
31 12 201.3 
31 35 170.94 
31 69 201.3 
32 37 170.94 
32 61 177.1 
32 62 170.94 
33 4 215.74 
33 44 207.0 
33 46 240.58 
33 51 193.89 
33 80 207.0 
33 81 138.0 
33 101 149.5 
34 30 138.6 
34 76 178.2 
34 85 138.6 
35 8 170.94 
35 31 170.94 
35 61 170.94 
35 69 178.2 
36 28 178.2 
36 85 138.6 
36 92 138.6 
37 8 170.94 
37 32 170.94 
37 40 163.76 
37 56 170.94 
37 62 170.94 
37 67 170.94 
37 80 178.2 
38 15 178.2 
38 24 186.12 
38 52 163.3 
38 71 178.2 
38 86 152.03 
38 87 178.2 
38 88 178.2 
39 21 220.8 
39 23 173.8 
39 48 227.7 
39 96 220.8 
39 97 144.9 
40 37 163.76 
40 53 178.2 
41 21 178.2 
41 73 178.2 
42 58 178.2 
42 74 178.2 
42 79 197.8 
43 63 199.64 
43 65 193.66 
43 77 193.66 
43 82 218.5 
44 33 207.0 
44 81 207.0 
45 47 220.8 
45 66 220.8 
46 33 240.58 
46 51 194.58 
47 6 178.2 
47 45 220.8 
47 57 178.2 
47 59 211.6 
47 81 207.0 
48 39 227.7 
48 97 178.2 
49 71 199.64 
49 72 216.48 
49 80 178.2 
50 8 177.1 
50 12 178.2 
50 61 177.1 
51 18 178.2 
51 33 193.89 
51 46 194.58 
51 80 380.0 
51 82 209.0 
52 15 186.3 
52 38 163.3 
52 60 131.1 
52 88 199.64 
52 95 186.3 
53 40 178.2 
53 71 156.64 
54 24 197.12 
55 72 217.36 
55 81 219.12 
56 3 170.94 
56 8 170.94 
56 37 170.94 
57 13 169.97 
57 47 178.2 
58 1 178.2 
58 42 178.2 
59 5 186.3 
59 6 218.5 
59 47 211.6 
59 72 218.5 
59 96 299.0 
60 30 405.0 
60 52 131.1 
60 83 178.25 
60 87 405.0 
61 3 177.1 
61 32 177.1 
61 35 170.94 
61 50 177.1 
62 32 170.94 
62 37 170.94 
62 67 170.94 
63 43 199.64 
63 79 199.64 
64 86 163.3 
65 2 193.66 
65 43 193.66 
65 77 193.66 
65 101 193.66 
66 23 211.2 
66 45 220.8 
66 84 220.8 
67 37 170.94 
67 62 170.94 
67 71 159.85 
69 31 201.3 
69 35 178.2 
70 19 405.0 
70 80 405.0 
71 5 405.0 
71 24 199.64 
71 38 178.2 
71 49 199.64 
71 53 156.64 
71 67 159.85 
71 87 405.0 
71 91 190.96 
72 49 216.48 
72 55 217.36 
72 59 218.5 
72 80 212.96 
73 25 178.2 
73 41 178.2 
73 75 178.2 
74 1 178.2 
74 13 178.2 
74 42 178.2 
75 73 178.2 
76 10 173.14 
76 14 138.6 
76 20 353.0 
76 34 178.2 
76 89 138.6 
76 94 138.6 
77 43 193.66 
77 65 193.66 
78 7 156.4 
78 95 156.4 
79 0 199.64 
79 13 199.64 
79 42 197.8 
79 63 199.64 
80 4 223.33 
80 19 353.0 
80 33 207.0 
80 37 178.2 
80 49 178.2 
80 51 380.0 
80 70 405.0 
80 72 212.96 
81 33 138.0 
81 44 207.0 
81 47 207.0 
81 55 219.12 
82 18 207.0 
82 43 218.5 
82 51 209.0 
82 101 207.0 
83 11 197.8 
83 26 165.66 
83 60 178.25 
83 88 197.8 
84 66 220.8 
84 97 220.8 
85 34 138.6 
85 36 138.6 
85 92 138.6 
86 38 152.03 
86 64 163.3 
87 9 186.3 
87 15 186.3 
87 38 178.2 
87 60 405.0 
87 71 405.0 
88 11 199.64 
88 38 178.2 
88 52 199.64 
88 83 197.8 
89 10 173.14 
89 76 138.6 
90 17 138.6 
90 94 138.6 
91 71 190.96 
92 36 138.6 
92 85 138.6 
93 10 173.14 
94 29 178.2 
94 76 138.6 
94 90 138.6 
95 52 186.3 
95 78 156.4 
96 5 186.3 
96 21 193.6 
96 39 220.8 
96 59 299.0 
97 23 211.2 
97 39 144.9 
97 48 178.2 
97 84 220.8 
99 19 176.0 
100 28 138.6 
100 30 186.3 
101 0 199.64 
101 2 193.66 
101 33 149.5 
101 65 193.66 
101 82 207.0 
P 
0 0 -139.253 -139.253 
1 0 -139.253 -139.253 
2 1 340.0 340.0 
3 0 -139.253 -139.253 
4 0 -139.253 -139.253 
5 0 -139.253 -139.253 
6 0 -139.253 -139.253 
7 0 -139.253 -139.253 
8 0 -139.253 -139.253 
9 1 40.0 40.0 
10 0 -139.253 -139.253 
11 0 -139.253 -139.253 
12 0 -139.253 -139.253 
13 1 540.0 540.0 
14 0 -139.253 -139.253 
15 0 -139.253 -139.253 
16 0 -139.253 -139.253 
17 1 137.0 137.0 
18 0 -139.253 -139.253 
19 0 -139.253 -139.253 
20 0 -139.253 -139.253 
21 1 1000.0 1000.0 
22 0 -139.253 -139.253 
23 0 -139.253 -139.253 
24 0 -139.253 -139.253 
25 0 -139.253 -139.253 
26 0 -139.253 -139.253 
27 0 -139.253 -139.253 
28 0 -139.253 -139.253 
29 0 -139.253 -139.253 
30 0 -139.253 -139.253 
31 0 -139.253 -139.253 
32 0 -139.253 -139.253 
33 0 -139.253 -139.253 
34 0 -139.253 -139.253 
35 1 202.0 202.0 
36 1 286.0 286.0 
37 1 560.0 560.0 
38 0 -139.253 -139.253 
39 1 1213.0 1213.0 
40 1 170.0 170.0 
41 0 -139.253 -139.253 
42 0 -139.253 -139.253 
43 0 -139.253 -139.253 
44 0 -139.253 -139.253 
45 1 324.0 324.0 
46 0 -139.253 -139.253 
47 0 -139.253 -139.253 
48 0 -139.253 -139.253 
49 1 460.0 460.0 
50 1 105.0 105.0 
51 0 -139.253 -139.253 
52 0 -139.253 -139.253 
53 0 -139.253 -139.253 
54 1 167.0 167.0 
55 1 396.0 396.0 
56 0 -139.253 -139.253 
57 0 -139.253 -139.253 
58 0 -139.253 -139.253 
59 0 -139.253 -139.253 
60 0 -139.253 -139.253 
61 0 -139.253 -139.253 
62 0 -139.253 -139.253 
63 0 -139.253 -139.253 
64 1 321.0 321.0 
65 0 -139.253 -139.253 
66 1 276.0 276.0 
67 0 -139.253 -139.253 
68 0 -139.253 -139.253 
69 1 450.0 450.0 
70 1 660.0 660.0 
71 0 -139.253 -139.253 
72 0 -139.253 -139.253 
73 0 -139.253 -139.253 
74 1 400.0 400.0 
75 0 -139.253 -139.253 
76 0 -139.253 -139.253 
77 1 270.0 270.0 
78 0 -139.253 -139.253 
79 0 -139.253 -139.253 
80 0 -139.253 -139.253 
81 0 -139.253 -139.253 
82 0 -139.253 -139.253 
83 0 -139.253 -139.253 
84 0 -139.253 -139.253 
85 0 -139.253 -139.253 
86 0 -139.253 -139.253 
87 0 -139.253 -139.253 
88 1 155.0 155.0 
89 1 918.0 918.0 
90 1 314.0 314.0 
91 1 300.0 300.0 
92 0 -139.253 -139.253 
93 1 100.0 100.0 
94 0 -139.253 -139.253 
95 0 -139.253 -139.253 
96 0 -139.253 -139.253 
97 0 -139.253 -139.253 
98 0 -139.253 -139.253 
99 1 340.0 340.0 
100 0 -139.253 -139.253 
101 0 -139.253 -139.253 
Alfa 
0 13.9253 
1 13.9253 
2 34.0 
3 13.9253 
4 13.9253 
5 13.9253 
6 13.9253 
7 13.9253 
8 13.9253 
9 4.0 
10 13.9253 
11 13.9253 
12 13.9253 
13 54.0 
14 13.9253 
15 13.9253 
16 13.9253 
17 13.7 
18 13.9253 
19 13.9253 
20 13.9253 
21 100.0 
22 13.9253 
23 13.9253 
24 13.9253 
25 13.9253 
26 13.9253 
27 13.9253 
28 13.9253 
29 13.9253 
30 13.9253 
31 13.9253 
32 13.9253 
33 13.9253 
34 13.9253 
35 20.2 
36 28.6 
37 56.0 
38 13.9253 
39 121.3 
40 17.0 
41 13.9253 
42 13.9253 
43 13.9253 
44 13.9253 
45 32.4 
46 13.9253 
47 13.9253 
48 13.9253 
49 46.0 
50 10.5 
51 13.9253 
52 13.9253 
53 13.9253 
54 16.7 
55 39.6 
56 13.9253 
57 13.9253 
58 13.9253 
59 13.9253 
60 13.9253 
61 13.9253 
62 13.9253 
63 13.9253 
64 32.1 
65 13.9253 
66 27.6 
67 13.9253 
68 13.9253 
69 45.0 
70 66.0 
71 13.9253 
72 13.9253 
73 13.9253 
74 40.0 
75 13.9253 
76 13.9253 
77 27.0 
78 13.9253 
79 13.9253 
80 13.9253 
81 13.9253 
82 13.9253 
83 13.9253 
84 13.9253 
85 13.9253 
86 13.9253 
87 13.9253 
88 15.5 
89 91.8 
90 31.4 
91 30.0 
92 13.9253 
93 10.0 
94 13.9253 
95 13.9253 
96 13.9253 
97 13.9253 
98 13.9253 
99 34.0 
100 13.9253 
101 13.9253 
