125 560 
K 
0 63 7.288214152527056 
0 64 3.9905837213981714 
0 73 4.775237821874989 
0 74 5.500740760286955 
1 71 2.082575007874553 
1 72 9.167296850336342 
1 81 7.4967235508645285 
1 82 4.417333609576653 
2 57 1.548096190898924 
2 58 2.2496168781903125 
2 67 4.557757224625949 
2 68 5.088108216647257 
3 46 3.5620855907482234 
3 47 2.3882973610603964 
3 56 6.348469658505392 
3 57 2.553783160919361 
4 66 8.379046491475034 
4 67 3.427338927372553 
4 76 8.14609733172253 
4 77 3.2019561613581047 
5 77 7.859260267432553 
5 78 4.72944282176951 
5 87 5.447546922306542 
5 88 4.855804469810616 
6 78 7.058820586557525 
6 79 4.394780339976064 
6 88 5.586772155480115 
6 89 6.807725201130891 
7 43 6.470970571018983 
7 44 5.522736454246937 
7 53 3.507352172714894 
7 54 3.0684487082364464 
8 112 5.139958072732292 
8 113 4.091070303971323 
8 122 5.139273971514882 
8 123 0.41152561802767107 
9 82 2.170668452515115 
9 83 8.201901335966575 
9 92 0.9755821957696614 
9 93 4.876673994079536 
10 73 3.3060055778432016 
10 74 2.5913584449612133 
10 83 2.791242917485068 
10 84 6.097559352413591 
11 60 3.414917333866858 
11 61 3.003382597554066 
11 70 5.291356298912268 
11 71 7.198765240621849 
12 93 8.97478029448657 
12 94 4.282027595445851 
12 103 8.221027066239794 
12 104 7.117978051266501 
13 83 7.763679403602331 
13 84 5.664780766245985 
13 93 9.205227025618049 
13 94 9.287772833116291 
14 41 3.5219899619958426 
14 42 6.349831496708362 
14 51 7.030326492426925 
14 52 4.626198881719832 
15 39 1.6778768805366129 
15 40 7.514844301976741 
15 49 8.298066016190294 
15 50 8.120126129407666 
16 96 5.62792076404401 
16 97 5.770124836272606 
16 106 0.5405627903324806 
16 107 6.635217619912519 
17 37 2.4874280110500275 
17 38 1.6311622839073392 
17 47 9.547736965490135 
17 48 3.4353283698929253 
18 103 4.95757341687707 
18 104 5.05629668718834 
18 113 5.148213597314706 
18 114 2.944235293517706 
19 99 7.306151979166703 
19 100 2.5326236902228043 
19 109 6.750007877938927 
19 110 3.4969091717254415 
20 86 8.353855828363315 
20 87 6.409647783785051 
20 96 8.453705060334944 
20 97 9.584842789338563 
21 61 6.62266940257634 
21 62 4.813149065077632 
21 71 7.424727304202901 
21 72 3.925609029362552 
22 51 2.8784377713898173 
22 52 7.824385031936666 
22 61 6.536269095239736 
22 62 2.8836431833604297 
23 97 0.9611281411445344 
23 98 5.178586935040616 
23 107 3.476275055722505 
23 108 2.4244151563532492 
24 92 3.64970594058352 
24 93 7.208454177453305 
24 102 3.5579411824408083 
24 103 6.1348821085643355 
25 26 5.977632258232951 
25 35 5.632395095951132 
26 25 5.977632258232951 
26 27 7.1049050198295856 
26 36 3.411782843900835 
27 26 7.1049050198295856 
27 28 6.196905521162482 
27 37 4.091685563889476 
28 27 6.196905521162482 
28 29 5.424667128754622 
28 38 4.717456690172121 
29 28 5.424667128754622 
29 30 4.050595762553387 
29 39 8.507241391883593 
30 29 4.050595762553387 
30 31 7.509315691911942 
30 40 7.830863943195366 
31 30 7.509315691911942 
31 32 5.234465332569878 
31 41 7.404460913018383 
32 31 5.234465332569878 
32 33 9.605825186683603 
32 42 4.95443527939274 
33 32 9.605825186683603 
33 34 3.6080691596888173 
33 43 7.588702014451611 
34 33 3.6080691596888173 
34 44 6.12636376607872 
35 25 5.632395095951132 
35 36 5.1117035701233995 
35 45 2.147156158281887 
36 26 3.411782843900835 
36 35 5.1117035701233995 
36 37 4.365360467361827 
36 46 6.259840311072916 
37 17 2.4874280110500275 
37 27 4.091685563889476 
37 36 4.365360467361827 
37 38 4.594292180583139 
37 47 7.771905481866039 
38 17 1.6311622839073392 
38 28 4.717456690172121 
38 37 4.594292180583139 
38 39 7.86778476556027 
38 48 2.3586884267139085 
39 15 1.6778768805366129 
39 29 8.507241391883593 
39 38 7.86778476556027 
39 40 5.813034783520736 
39 49 8.377194780832186 
40 15 7.514844301976741 
40 30 7.830863943195366 
40 39 5.813034783520736 
40 41 4.6245058322945765 
40 50 4.88335409497282 
41 14 3.5219899619958426 
41 31 7.404460913018383 
41 40 4.6245058322945765 
41 42 1.7741638261012416 
41 51 4.953982209030787 
42 14 6.349831496708362 
42 32 4.95443527939274 
42 41 1.7741638261012416 
42 43 2.3999983111641594 
42 52 6.58283615992809 
43 7 6.470970571018983 
43 33 7.588702014451611 
43 42 2.3999983111641594 
43 44 6.060984055494805 
43 53 4.932923217912216 
44 7 5.522736454246937 
44 34 6.12636376607872 
44 43 6.060984055494805 
44 54 8.223651647672256 
45 35 2.147156158281887 
45 46 0.2548245869040272 
45 55 5.6210888258877505 
46 3 3.5620855907482234 
46 36 6.259840311072916 
46 45 0.2548245869040272 
46 47 8.816283880878771 
46 56 3.364356229617855 
47 3 2.3882973610603964 
47 17 9.547736965490135 
47 37 7.771905481866039 
47 46 8.816283880878771 
47 48 3.3097799918265345 
47 57 2.5868323043896924 
48 17 3.4353283698929253 
48 38 2.3586884267139085 
48 47 3.3097799918265345 
48 49 6.665607535436141 
48 58 1.4678339001398943 
49 15 8.298066016190294 
49 39 8.377194780832186 
49 48 6.665607535436141 
49 50 4.403452312223969 
49 59 4.559342016131792 
50 15 8.120126129407666 
50 40 4.88335409497282 
50 49 4.403452312223969 
50 51 7.735457127327752 
50 60 4.918957671600895 
51 14 7.030326492426925 
51 22 2.8784377713898173 
51 41 4.953982209030787 
51 50 7.735457127327752 
51 52 5.29661587149579 
51 61 5.119025291261992 
52 14 4.626198881719832 
52 22 7.824385031936666 
52 42 6.58283615992809 
52 51 5.29661587149579 
52 53 7.796959455547475 
52 62 4.557517187779248 
53 7 3.507352172714894 
53 43 4.932923217912216 
53 52 7.796959455547475 
53 54 1.723037059555101 
53 63 5.025274462270596 
54 7 3.0684487082364464 
54 44 8.223651647672256 
54 53 1.723037059555101 
54 64 6.480384366475735 
55 45 5.6210888258877505 
55 56 6.87276075232713 
55 65 1.729521039728028 
56 3 6.348469658505392 
56 46 3.364356229617855 
56 55 6.87276075232713 
56 57 2.807746990824996 
56 66 2.726087878050334 
57 2 1.548096190898924 
57 3 2.553783160919361 
57 47 2.5868323043896924 
57 56 2.807746990824996 
57 58 5.122931373880342 
57 67 7.002284734063041 
58 2 2.2496168781903125 
58 48 1.4678339001398943 
58 57 5.122931373880342 
58 59 3.328906705335453 
58 68 5.580865053969795 
59 49 4.559342016131792 
59 58 3.328906705335453 
59 60 7.866389143604416 
59 69 3.180529195860787 
60 11 3.414917333866858 
60 50 4.918957671600895 
60 59 7.866389143604416 
60 61 2.8524916720681617 
60 70 5.137198018834363 
61 11 3.003382597554066 
61 21 6.62266940257634 
61 22 6.536269095239736 
61 51 5.119025291261992 
61 60 2.8524916720681617 
61 62 1.6783134295584812 
61 71 4.426729446102128 
62 21 4.813149065077632 
62 22 2.8836431833604297 
62 52 4.557517187779248 
62 61 1.6783134295584812 
62 63 8.206793922989611 
62 72 6.280512015988744 
63 0 7.288214152527056 
63 53 5.025274462270596 
63 62 8.206793922989611 
63 64 7.399274218871231 
63 73 6.008401895393883 
64 0 3.9905837213981714 
64 54 6.480384366475735 
64 63 7.399274218871231 
64 74 5.415018323344453 
65 55 1.729521039728028 
65 66 4.502056231574132 
65 75 0.6040586550330412 
66 4 8.379046491475034 
66 56 2.726087878050334 
66 65 4.502056231574132 
66 67 3.592805564973289 
66 76 3.583539007183175 
67 2 4.557757224625949 
67 4 3.427338927372553 
67 57 7.002284734063041 
67 66 3.592805564973289 
67 68 2.2526085796416524 
67 77 8.503876480255752 
68 2 5.088108216647257 
68 58 5.580865053969795 
68 67 2.2526085796416524 
68 69 7.131300408789306 
68 78 4.041667215691107 
69 59 3.180529195860787 
69 68 7.131300408789306 
69 70 5.297167332726835 
69 79 8.401434976960754 
70 11 5.291356298912268 
70 60 5.137198018834363 
70 69 5.297167332726835 
70 71 3.4188610221563054 
70 80 4.932017360688869 
71 1 2.082575007874553 
71 11 7.198765240621849 
71 21 7.424727304202901 
71 61 4.426729446102128 
71 70 3.4188610221563054 
71 72 5.842936855299565 
71 81 3.654757338838569 
72 1 9.167296850336342 
72 21 3.925609029362552 
72 62 6.280512015988744 
72 71 5.842936855299565 
72 73 4.9891154726593685 
72 82 3.294862380733189 
73 0 4.775237821874989 
73 10 3.3060055778432016 
73 63 6.008401895393883 
73 72 4.9891154726593685 
73 74 5.365194005664762 
73 83 3.6694363667286582 
74 0 5.500740760286955 
74 10 2.5913584449612133 
74 64 5.415018323344453 
74 73 5.365194005664762 
74 84 4.686618540280076 
75 65 0.6040586550330412 
75 76 7.190903574025216 
75 85 6.282063246213155 
76 4 8.14609733172253 
76 66 3.583539007183175 
76 75 7.190903574025216 
76 77 5.4984930984045075 
76 86 1.43682323693407 
77 4 3.2019561613581047 
77 5 7.859260267432553 
77 67 8.503876480255752 
77 76 5.4984930984045075 
77 78 6.0918416749856945 
77 87 3.1007876366126648 
78 5 4.72944282176951 
78 6 7.058820586557525 
78 68 4.041667215691107 
78 77 6.0918416749856945 
78 79 9.577514647235482 
78 88 0.6814645198454489 
79 6 4.394780339976064 
79 69 8.401434976960754 
79 78 9.577514647235482 
79 80 4.629408063076442 
79 89 4.714414592455698 
80 70 4.932017360688869 
80 79 4.629408063076442 
80 81 4.237898271049472 
80 90 1.5615173615133022 
81 1 7.4967235508645285 
81 71 3.654757338838569 
81 80 4.237898271049472 
81 82 7.331200082187804 
81 91 5.15526644936314 
82 1 4.417333609576653 
82 9 2.170668452515115 
82 72 3.294862380733189 
82 81 7.331200082187804 
82 83 4.635216031744797 
82 92 6.383905719466987 
83 9 8.201901335966575 
83 10 2.791242917485068 
83 13 7.763679403602331 
83 73 3.6694363667286582 
83 82 4.635216031744797 
83 84 7.5073471697651835 
83 93 7.883728465271857 
84 10 6.097559352413591 
84 13 5.664780766245985 
84 74 4.686618540280076 
84 83 7.5073471697651835 
84 94 2.74383465111276 
85 75 6.282063246213155 
85 86 4.222509415415497 
85 95 4.6662143321410205 
86 20 8.353855828363315 
86 76 1.43682323693407 
86 85 4.222509415415497 
86 87 8.371315623753212 
86 96 8.909539080628583 
87 5 5.447546922306542 
87 20 6.409647783785051 
87 77 3.1007876366126648 
87 86 8.371315623753212 
87 88 6.400497918849591 
87 97 7.843391813674684 
88 5 4.855804469810616 
88 6 5.586772155480115 
88 78 0.6814645198454489 
88 87 6.400497918849591 
88 89 2.8952962069941197 
88 98 4.349676252143409 
89 6 6.807725201130891 
89 79 4.714414592455698 
89 88 2.8952962069941197 
89 90 1.6709446162918526 
89 99 4.1499660309094395 
90 80 1.5615173615133022 
90 89 1.6709446162918526 
90 91 8.397862581614259 
90 100 5.768653027050853 
91 81 5.15526644936314 
91 90 8.397862581614259 
91 92 1.6413320795189372 
91 101 9.275145635001834 
92 9 0.9755821957696614 
92 24 3.64970594058352 
92 82 6.383905719466987 
92 91 1.6413320795189372 
92 93 5.452106685694164 
92 102 4.572974455161072 
93 9 4.876673994079536 
93 12 8.97478029448657 
93 13 9.205227025618049 
93 24 7.208454177453305 
93 83 7.883728465271857 
93 92 5.452106685694164 
93 94 5.2306606152742 
93 103 3.1227299557194836 
94 12 4.282027595445851 
94 13 9.287772833116291 
94 84 2.74383465111276 
94 93 5.2306606152742 
94 104 7.261670036811168 
95 85 4.6662143321410205 
95 96 5.619744521886535 
95 105 5.685689174073786 
96 16 5.62792076404401 
96 20 8.453705060334944 
96 86 8.909539080628583 
96 95 5.619744521886535 
96 97 8.29247327103575 
96 106 8.478684565039764 
97 16 5.770124836272606 
97 20 9.584842789338563 
97 23 0.9611281411445344 
97 87 7.843391813674684 
97 96 8.29247327103575 
97 98 7.042601221265494 
97 107 2.5440472579044338 
98 23 5.178586935040616 
98 88 4.349676252143409 
98 97 7.042601221265494 
98 99 9.289851462854358 
98 108 7.38976178685361 
99 19 7.306151979166703 
99 89 4.1499660309094395 
99 98 9.289851462854358 
99 100 3.2933950382871906 
99 109 3.6011717389596316 
100 19 2.5326236902228043 
100 90 5.768653027050853 
100 99 3.2933950382871906 
100 101 6.122750651643683 
100 110 5.860633525983987 
101 91 9.275145635001834 
101 100 6.122750651643683 
101 102 4.943455791990035 
101 111 4.017127492189562 
102 24 3.5579411824408083 
102 92 4.572974455161072 
102 101 4.943455791990035 
102 103 2.373286183408325 
102 112 6.776688417300028 
103 12 8.221027066239794 
103 18 4.95757341687707 
103 24 6.1348821085643355 
103 93 3.1227299557194836 
103 102 2.373286183408325 
103 104 6.208995712166927 
103 113 4.481660326894685 
104 12 7.117978051266501 
104 18 5.05629668718834 
104 94 7.261670036811168 
104 103 6.208995712166927 
104 114 4.327434708330321 
105 95 5.685689174073786 
105 106 7.766203967710807 
105 115 7.343217689039692 
106 16 0.5405627903324806 
106 96 8.478684565039764 
106 105 7.766203967710807 
106 107 6.904080363923148 
106 116 2.2742125825036204 
107 16 6.635217619912519 
107 23 3.476275055722505 
107 97 2.5440472579044338 
107 106 6.904080363923148 
107 108 6.30369751800259 
107 117 4.457103984661283 
108 23 2.4244151563532492 
108 98 7.38976178685361 
108 107 6.30369751800259 
108 109 6.855858053502921 
108 118 6.416661305474982 
109 19 6.750007877938927 
109 99 3.6011717389596316 
109 108 6.855858053502921 
109 110 4.013032018897382 
109 119 3.219336079113513 
110 19 3.4969091717254415 
110 100 5.860633525983987 
110 109 4.013032018897382 
110 111 6.907315516978144 
110 120 7.286765676191111 
111 101 4.017127492189562 
111 110 6.907315516978144 
111 112 3.768162674697996 
111 121 4.555165489411449 
112 8 5.139958072732292 
112 102 6.776688417300028 
112 111 3.768162674697996 
112 113 5.282795414455267 
112 122 5.986523197640102 
113 8 4.091070303971323 
113 18 5.148213597314706 
113 103 4.481660326894685 
113 112 5.282795414455267 
113 114 9.084838124557898 
113 123 7.7279768995172535 
114 18 2.944235293517706 
114 104 4.327434708330321 
114 113 9.084838124557898 
114 124 5.4992821763637405 
115 105 7.343217689039692 
115 116 6.948175871858577 
116 106 2.2742125825036204 
116 115 6.948175871858577 
116 117 6.302633115375887 
117 107 4.457103984661283 
117 116 6.302633115375887 
117 118 6.926802271468446 
118 108 6.416661305474982 
118 117 6.926802271468446 
118 119 4.078087356914095 
119 109 3.219336079113513 
119 118 4.078087356914095 
119 120 5.0150769818801315 
120 110 7.286765676191111 
120 119 5.0150769818801315 
120 121 3.040977143442542 
121 111 4.555165489411449 
121 120 3.040977143442542 
121 122 4.74731255077803 
122 8 5.139273971514882 
122 112 5.986523197640102 
122 121 4.74731255077803 
122 123 6.556036833317625 
123 8 0.41152561802767107 
123 113 7.7279768995172535 
123 122 6.556036833317625 
123 124 6.02150611310347 
124 114 5.4992821763637405 
124 123 6.02150611310347 
P 
0 1.0 10.0 10.0 
1 1.0 10.0 10.0 
2 1.0 10.0 10.0 
3 1.0 10.0 10.0 
4 1.0 10.0 10.0 
5 1.0 2.5 2.5 
6 1.0 2.5 2.5 
7 1.0 2.5 2.5 
8 1.0 2.5 2.5 
9 1.0 2.5 2.5 
10 1.0 2.5 2.5 
11 1.0 2.5 2.5 
12 1.0 2.5 2.5 
13 1.0 2.5 2.5 
14 1.0 2.5 2.5 
15 1.0 2.5 2.5 
16 1.0 2.5 2.5 
17 1.0 2.5 2.5 
18 1.0 2.5 2.5 
19 1.0 2.5 2.5 
20 1.0 2.5 2.5 
21 1.0 2.5 2.5 
22 1.0 2.5 2.5 
23 1.0 2.5 2.5 
24 1.0 2.5 2.5 
25 0.0 -1.0 -30.0 
26 0.0 -1.0 -30.0 
27 0.0 -1.0 -30.0 
28 0.0 -1.0 -30.0 
29 0.0 -1.0 -30.0 
30 0.0 -1.0 -30.0 
31 0.0 -1.0 -30.0 
32 0.0 -1.0 -30.0 
33 0.0 -1.0 -30.0 
34 0.0 -1.0 -30.0 
35 0.0 -1.0 -30.0 
36 0.0 -1.0 -30.0 
37 0.0 -1.0 -30.0 
38 0.0 -1.0 -30.0 
39 0.0 -1.0 -30.0 
40 0.0 -1.0 -30.0 
41 0.0 -1.0 -30.0 
42 0.0 -1.0 -30.0 
43 0.0 -1.0 -30.0 
44 0.0 -1.0 -30.0 
45 0.0 -1.0 -30.0 
46 0.0 -1.0 -30.0 
47 0.0 -1.0 -30.0 
48 0.0 -1.0 -30.0 
49 0.0 -1.0 -30.0 
50 0.0 -1.0 -30.0 
51 0.0 -1.0 -30.0 
52 0.0 -1.0 -30.0 
53 0.0 -1.0 -30.0 
54 0.0 -1.0 -30.0 
55 0.0 -1.0 -30.0 
56 0.0 -1.0 -30.0 
57 0.0 -1.0 -30.0 
58 0.0 -1.0 -30.0 
59 0.0 -1.0 -30.0 
60 0.0 -1.0 -30.0 
61 0.0 -1.0 -30.0 
62 0.0 -1.0 -30.0 
63 0.0 -1.0 -30.0 
64 0.0 -1.0 -30.0 
65 0.0 -1.0 -30.0 
66 0.0 -1.0 -30.0 
67 0.0 -1.0 -30.0 
68 0.0 -1.0 -30.0 
69 0.0 -1.0 -30.0 
70 0.0 -1.0 -30.0 
71 0.0 -1.0 -30.0 
72 0.0 -1.0 -30.0 
73 0.0 -1.0 -30.0 
74 0.0 -1.0 -30.0 
75 0.0 -1.0 -30.0 
76 0.0 -1.0 -30.0 
77 0.0 -1.0 -30.0 
78 0.0 -1.0 -30.0 
79 0.0 -1.0 -30.0 
80 0.0 -1.0 -30.0 
81 0.0 -1.0 -30.0 
82 0.0 -1.0 -30.0 
83 0.0 -1.0 -30.0 
84 0.0 -1.0 -30.0 
85 0.0 -1.0 -30.0 
86 0.0 -1.0 -30.0 
87 0.0 -1.0 -30.0 
88 0.0 -1.0 -30.0 
89 0.0 -1.0 -30.0 
90 0.0 -1.0 -30.0 
91 0.0 -1.0 -30.0 
92 0.0 -1.0 -30.0 
93 0.0 -1.0 -30.0 
94 0.0 -1.0 -30.0 
95 0.0 -1.0 -30.0 
96 0.0 -1.0 -30.0 
97 0.0 -1.0 -30.0 
98 0.0 -1.0 -30.0 
99 0.0 -1.0 -30.0 
100 0.0 -1.0 -30.0 
101 0.0 -1.0 -30.0 
102 0.0 -1.0 -30.0 
103 0.0 -1.0 -30.0 
104 0.0 -1.0 -30.0 
105 0.0 -1.0 -30.0 
106 0.0 -1.0 -30.0 
107 0.0 -1.0 -30.0 
108 0.0 -1.0 -30.0 
109 0.0 -1.0 -30.0 
110 0.0 -1.0 -30.0 
111 0.0 -1.0 -30.0 
112 0.0 -1.0 -30.0 
113 0.0 -1.0 -30.0 
114 0.0 -1.0 -30.0 
115 0.0 -1.0 -30.0 
116 0.0 -1.0 -30.0 
117 0.0 -1.0 -30.0 
118 0.0 -1.0 -30.0 
119 0.0 -1.0 -30.0 
120 0.0 -1.0 -30.0 
121 0.0 -1.0 -30.0 
122 0.0 -1.0 -30.0 
123 0.0 -1.0 -30.0 
124 0.0 -1.0 -30.0 
Alfa 
0 1.0 
1 1.0 
2 1.0 
3 1.0 
4 1.0 
5 1.0 
6 1.0 
7 1.0 
8 1.0 
9 1.0 
10 1.0 
11 1.0 
12 1.0 
13 1.0 
14 1.0 
15 1.0 
16 1.0 
17 1.0 
18 1.0 
19 1.0 
20 1.0 
21 1.0 
22 1.0 
23 1.0 
24 1.0 
25 1.0 
26 1.0 
27 1.0 
28 1.0 
29 1.0 
30 1.0 
31 1.0 
32 1.0 
33 1.0 
34 1.0 
35 1.0 
36 1.0 
37 1.0 
38 1.0 
39 1.0 
40 1.0 
41 1.0 
42 1.0 
43 1.0 
44 1.0 
45 1.0 
46 1.0 
47 1.0 
48 1.0 
49 1.0 
50 1.0 
51 1.0 
52 1.0 
53 1.0 
54 1.0 
55 1.0 
56 1.0 
57 1.0 
58 1.0 
59 1.0 
60 1.0 
61 1.0 
62 1.0 
63 1.0 
64 1.0 
65 1.0 
66 1.0 
67 1.0 
68 1.0 
69 1.0 
70 1.0 
71 1.0 
72 1.0 
73 1.0 
74 1.0 
75 1.0 
76 1.0 
77 1.0 
78 1.0 
79 1.0 
80 1.0 
81 1.0 
82 1.0 
83 1.0 
84 1.0 
85 1.0 
86 1.0 
87 1.0 
88 1.0 
89 1.0 
90 1.0 
91 1.0 
92 1.0 
93 1.0 
94 1.0 
95 1.0 
96 1.0 
97 1.0 
98 1.0 
99 1.0 
100 1.0 
101 1.0 
102 1.0 
103 1.0 
104 1.0 
105 1.0 
106 1.0 
107 1.0 
108 1.0 
109 1.0 
110 1.0 
111 1.0 
112 1.0 
113 1.0 
114 1.0 
115 1.0 
116 1.0 
117 1.0 
118 1.0 
119 1.0 
120 1.0 
121 1.0 
122 1.0 
123 1.0 
124 1.0 
