125 560 
K 
0 52 5.915153134687002 
0 53 3.663014408214378 
0 62 6.772945386902159 
0 63 2.7032865323452775 
1 109 6.8032311885526 
1 110 6.29289323538331 
1 119 1.8638197187653627 
1 120 3.8959929487908633 
2 111 6.11369046964016 
2 112 0.9361433655621859 
2 121 4.810533382164338 
2 122 9.305776302504142 
3 103 3.3809158169126303 
3 104 5.675659240862162 
3 113 5.985240546801585 
3 114 5.679261670488798 
4 107 6.238914544051372 
4 108 4.533578313343675 
4 117 6.315333230432925 
4 118 2.210132156826007 
5 89 9.013373980188145 
5 90 7.65120071988053 
5 99 4.858050350923433 
5 100 6.4873364408214265 
6 56 8.056516724720058 
6 57 5.085768605445981 
6 66 4.9957244657989985 
6 67 4.768233012122498 
7 81 8.44853115330294 
7 82 5.086979085722749 
7 91 2.5863728309075245 
7 92 6.78279106009514 
8 48 3.2144602751251643 
8 49 5.462841752299359 
8 58 5.528545523314665 
8 59 3.8729609401096674 
9 86 5.19314319497786 
9 87 8.30159826601519 
9 96 6.757809481664125 
9 97 6.339022667747315 
10 76 6.60154239872093 
10 77 6.939296279312007 
10 86 3.936804964902729 
10 87 7.469449682006601 
11 36 4.465456326111851 
11 37 0.26840899688134245 
11 46 5.75173586717678 
11 47 3.1928346999822166 
12 67 7.991180293426396 
12 68 7.812844388881253 
12 77 3.3048920641823782 
12 78 3.798113648150968 
13 106 4.898963010172011 
13 107 3.0843051948151303 
13 116 4.17161770400094 
13 117 4.992035852017005 
14 49 3.0540994416847194 
14 50 3.4704721032909527 
14 59 4.04836602514417 
14 60 5.3219586204181795 
15 90 6.5861708920704 
15 91 4.367012177070791 
15 100 3.1412815042415074 
15 101 7.314537902897468 
16 71 5.706895122892875 
16 72 9.340466353210859 
16 81 4.138276480369906 
16 82 5.2610245787631165 
17 38 3.090494285399601 
17 39 5.841855388320727 
17 48 4.877955459659829 
17 49 2.7583911270986814 
18 47 7.08528840453112 
18 48 4.261107876012704 
18 57 6.890897320697814 
18 58 3.213233565366834 
19 96 3.62684819975433 
19 97 8.16639341028398 
19 106 3.726077465964921 
19 107 7.666793558895609 
20 79 5.378685066769328 
20 80 3.349232026801658 
20 89 7.961766526938852 
20 90 9.185448291181135 
21 101 4.7721729196254215 
21 102 0.5083189417110973 
21 111 5.321600535128566 
21 112 3.0184046794747412 
22 68 8.314523632376767 
22 69 0.4761320504116162 
22 78 3.3658217173318024 
22 79 5.752422469711309 
23 69 5.040108177238706 
23 70 3.330306405295194 
23 79 4.086004332363788 
23 80 6.065339812565005 
24 88 7.4450244917778186 
24 89 3.054600219846069 
24 98 5.434815387377883 
24 99 3.8412453338300168 
25 26 6.797234256248991 
25 35 5.312052628140127 
26 25 6.797234256248991 
26 27 3.9919455345642736 
26 36 5.043286186674552 
27 26 3.9919455345642736 
27 28 3.6946919247392067 
27 37 4.919720731683952 
28 27 3.6946919247392067 
28 29 7.9988869250620205 
28 38 1.548561481454227 
29 28 7.9988869250620205 
29 30 3.7907313366889106 
29 39 6.379506886137172 
30 29 3.7907313366889106 
30 31 1.169751870035633 
30 40 4.360507066081551 
31 30 1.169751870035633 
31 32 3.8108993872520887 
31 41 5.919483442916082 
32 31 3.8108993872520887 
32 33 2.3865270689928 
32 42 1.4288274223122366 
33 32 2.3865270689928 
33 34 5.057577186754889 
33 43 6.1894730911575095 
34 33 5.057577186754889 
34 44 4.294106344635667 
35 25 5.312052628140127 
35 36 5.693632238763472 
35 45 2.843116615343613 
36 11 4.465456326111851 
36 26 5.043286186674552 
36 35 5.693632238763472 
36 37 5.703491909019421 
36 46 4.063133836736199 
37 11 0.26840899688134245 
37 27 4.919720731683952 
37 36 5.703491909019421 
37 38 7.654240128214756 
37 47 4.772868763483846 
38 17 3.090494285399601 
38 28 1.548561481454227 
38 37 7.654240128214756 
38 39 4.650264657468467 
38 48 2.5893928799512835 
39 17 5.841855388320727 
39 29 6.379506886137172 
39 38 4.650264657468467 
39 40 5.747742349561619 
39 49 5.643115883200456 
40 30 4.360507066081551 
40 39 5.747742349561619 
40 41 3.948802895759754 
40 50 7.331065661885747 
41 31 5.919483442916082 
41 40 3.948802895759754 
41 42 5.53301717711375 
41 51 7.085556896254114 
42 32 1.4288274223122366 
42 41 5.53301717711375 
42 43 8.052110482529958 
42 52 9.876560635154192 
43 33 6.1894730911575095 
43 42 8.052110482529958 
43 44 4.417314660583114 
43 53 2.6927406244533527 
44 34 4.294106344635667 
44 43 4.417314660583114 
44 54 2.424081444205475 
45 35 2.843116615343613 
45 46 4.232468985906428 
45 55 7.453529311952015 
46 11 5.75173586717678 
46 36 4.063133836736199 
46 45 4.232468985906428 
46 47 6.115811589668061 
46 56 9.071275117841257 
47 11 3.1928346999822166 
47 18 7.08528840453112 
47 37 4.772868763483846 
47 46 6.115811589668061 
47 48 0.6718666391058775 
47 57 8.674952885614044 
48 8 3.2144602751251643 
48 17 4.877955459659829 
48 18 4.261107876012704 
48 38 2.5893928799512835 
48 47 0.6718666391058775 
48 49 4.091966934596993 
48 58 4.977902772319551 
49 8 5.462841752299359 
49 14 3.0540994416847194 
49 17 2.7583911270986814 
49 39 5.643115883200456 
49 48 4.091966934596993 
49 50 6.403918455585951 
49 59 4.311090076020902 
50 14 3.4704721032909527 
50 40 7.331065661885747 
50 49 6.403918455585951 
50 51 5.356871548473316 
50 60 4.434062229157442 
51 41 7.085556896254114 
51 50 5.356871548473316 
51 52 4.347330026224661 
51 61 3.8821180836015854 
52 0 5.915153134687002 
52 42 9.876560635154192 
52 51 4.347330026224661 
52 53 1.94165041138683 
52 62 4.694919476139189 
53 0 3.663014408214378 
53 43 2.6927406244533527 
53 52 1.94165041138683 
53 54 5.8925916779760374 
53 63 6.551050625733521 
54 44 2.424081444205475 
54 53 5.8925916779760374 
54 64 7.574584811895417 
55 45 7.453529311952015 
55 56 7.428054539987899 
55 65 6.118231110622886 
56 6 8.056516724720058 
56 46 9.071275117841257 
56 55 7.428054539987899 
56 57 3.909732211126424 
56 66 6.278370722741993 
57 6 5.085768605445981 
57 18 6.890897320697814 
57 47 8.674952885614044 
57 56 3.909732211126424 
57 58 3.4847887802956774 
57 67 5.874645736916932 
58 8 5.528545523314665 
58 18 3.213233565366834 
58 48 4.977902772319551 
58 57 3.4847887802956774 
58 59 6.568429636542014 
58 68 2.212466170545567 
59 8 3.8729609401096674 
59 14 4.04836602514417 
59 49 4.311090076020902 
59 58 6.568429636542014 
59 60 7.1493275051705005 
59 69 7.815641956698635 
60 14 5.3219586204181795 
60 50 4.434062229157442 
60 59 7.1493275051705005 
60 61 1.4437815289418494 
60 70 2.1380991322923077 
61 51 3.8821180836015854 
61 60 1.4437815289418494 
61 62 5.086233054477714 
61 71 7.471002279807289 
62 0 6.772945386902159 
62 52 4.694919476139189 
62 61 5.086233054477714 
62 63 4.443613480412054 
62 72 7.967978977436257 
63 0 2.7032865323452775 
63 53 6.551050625733521 
63 62 4.443613480412054 
63 64 3.955204912463895 
63 73 6.520904607866349 
64 54 7.574584811895417 
64 63 3.955204912463895 
64 74 4.735341743223991 
65 55 6.118231110622886 
65 66 2.763433631762747 
65 75 5.138412615235785 
66 6 4.9957244657989985 
66 56 6.278370722741993 
66 65 2.763433631762747 
66 67 7.393778736988994 
66 76 3.0553398048901403 
67 6 4.768233012122498 
67 12 7.991180293426396 
67 57 5.874645736916932 
67 66 7.393778736988994 
67 68 2.6224190280120356 
67 77 4.981165623649916 
68 12 7.812844388881253 
68 22 8.314523632376767 
68 58 2.212466170545567 
68 67 2.6224190280120356 
68 69 3.1219680441737356 
68 78 4.601820694496926 
69 22 0.4761320504116162 
69 23 5.040108177238706 
69 59 7.815641956698635 
69 68 3.1219680441737356 
69 70 4.939491601970206 
69 79 5.717449602174107 
70 23 3.330306405295194 
70 60 2.1380991322923077 
70 69 4.939491601970206 
70 71 6.362120181679713 
70 80 7.63004120112368 
71 16 5.706895122892875 
71 61 7.471002279807289 
71 70 6.362120181679713 
71 72 2.280596036728718 
71 81 3.1530609581758484 
72 16 9.340466353210859 
72 62 7.967978977436257 
72 71 2.280596036728718 
72 73 6.9896379237123325 
72 82 8.194423086566825 
73 63 6.520904607866349 
73 72 6.9896379237123325 
73 74 4.062844165317387 
73 83 2.4100389898306904 
74 64 4.735341743223991 
74 73 4.062844165317387 
74 84 6.411895251452847 
75 65 5.138412615235785 
75 76 4.583790212238391 
75 85 4.429384464582015 
76 10 6.60154239872093 
76 66 3.0553398048901403 
76 75 4.583790212238391 
76 77 2.7716088243036263 
76 86 5.75230441362544 
77 10 6.939296279312007 
77 12 3.3048920641823782 
77 67 4.981165623649916 
77 76 2.7716088243036263 
77 78 6.663975767241432 
77 87 4.238243615214367 
78 12 3.798113648150968 
78 22 3.3658217173318024 
78 68 4.601820694496926 
78 77 6.663975767241432 
78 79 6.976178460226935 
78 88 6.218177795686783 
79 20 5.378685066769328 
79 22 5.752422469711309 
79 23 4.086004332363788 
79 69 5.717449602174107 
79 78 6.976178460226935 
79 80 3.2320950331231626 
79 89 6.246364505976632 
80 20 3.349232026801658 
80 23 6.065339812565005 
80 70 7.63004120112368 
80 79 3.2320950331231626 
80 81 7.885287045963512 
80 90 2.541866710052767 
81 7 8.44853115330294 
81 16 4.138276480369906 
81 71 3.1530609581758484 
81 80 7.885287045963512 
81 82 3.454194001996956 
81 91 8.08191420519375 
82 7 5.086979085722749 
82 16 5.2610245787631165 
82 72 8.194423086566825 
82 81 3.454194001996956 
82 83 3.607380055776564 
82 92 8.988537923501472 
83 73 2.4100389898306904 
83 82 3.607380055776564 
83 84 8.524095094665718 
83 93 4.426976610587618 
84 74 6.411895251452847 
84 83 8.524095094665718 
84 94 5.619547184704362 
85 75 4.429384464582015 
85 86 3.2779175298495464 
85 95 7.826270825132278 
86 9 5.19314319497786 
86 10 3.936804964902729 
86 76 5.75230441362544 
86 85 3.2779175298495464 
86 87 7.28970010225792 
86 96 4.883805762222952 
87 9 8.30159826601519 
87 10 7.469449682006601 
87 77 4.238243615214367 
87 86 7.28970010225792 
87 88 8.087123936528425 
87 97 7.549638817472115 
88 24 7.4450244917778186 
88 78 6.218177795686783 
88 87 8.087123936528425 
88 89 6.581838192866261 
88 98 4.535666412646394 
89 5 9.013373980188145 
89 20 7.961766526938852 
89 24 3.054600219846069 
89 79 6.246364505976632 
89 88 6.581838192866261 
89 90 1.8643455603160786 
89 99 4.0711172247704495 
90 5 7.65120071988053 
90 15 6.5861708920704 
90 20 9.185448291181135 
90 80 2.541866710052767 
90 89 1.8643455603160786 
90 91 8.949661088375066 
90 100 5.38956113652684 
91 7 2.5863728309075245 
91 15 4.367012177070791 
91 81 8.08191420519375 
91 90 8.949661088375066 
91 92 6.064228406249937 
91 101 5.48333360855488 
92 7 6.78279106009514 
92 82 8.988537923501472 
92 91 6.064228406249937 
92 93 3.207682294688856 
92 102 6.865950463407447 
93 83 4.426976610587618 
93 92 3.207682294688856 
93 94 4.984007502969901 
93 103 5.352450102791238 
94 84 5.619547184704362 
94 93 4.984007502969901 
94 104 5.902078023651742 
95 85 7.826270825132278 
95 96 5.257928947945933 
95 105 2.48780445349968 
96 9 6.757809481664125 
96 19 3.62684819975433 
96 86 4.883805762222952 
96 95 5.257928947945933 
96 97 8.064048230718145 
96 106 7.223787066708564 
97 9 6.339022667747315 
97 19 8.16639341028398 
97 87 7.549638817472115 
97 96 8.064048230718145 
97 98 5.3042879329774815 
97 107 6.802976873835338 
98 24 5.434815387377883 
98 88 4.535666412646394 
98 97 5.3042879329774815 
98 99 8.273205987506001 
98 108 4.605457820478646 
99 5 4.858050350923433 
99 24 3.8412453338300168 
99 89 4.0711172247704495 
99 98 8.273205987506001 
99 100 6.217728594812387 
99 109 6.228306227544973 
100 5 6.4873364408214265 
100 15 3.1412815042415074 
100 90 5.38956113652684 
100 99 6.217728594812387 
100 101 3.37016706590674 
100 110 0.8320549913958447 
101 15 7.314537902897468 
101 21 4.7721729196254215 
101 91 5.48333360855488 
101 100 3.37016706590674 
101 102 4.069112675981734 
101 111 8.409891243436856 
102 21 0.5083189417110973 
102 92 6.865950463407447 
102 101 4.069112675981734 
102 103 8.16993037262368 
102 112 5.219285961165494 
103 3 3.3809158169126303 
103 93 5.352450102791238 
103 102 8.16993037262368 
103 104 2.701439488533081 
103 113 7.845805750938586 
104 3 5.675659240862162 
104 94 5.902078023651742 
104 103 2.701439488533081 
104 114 5.028687422414491 
105 95 2.48780445349968 
105 106 4.85695675591347 
105 115 2.203935895364327 
106 13 4.898963010172011 
106 19 3.726077465964921 
106 96 7.223787066708564 
106 105 4.85695675591347 
106 107 6.851016469693221 
106 116 4.182140768517817 
107 4 6.238914544051372 
107 13 3.0843051948151303 
107 19 7.666793558895609 
107 97 6.802976873835338 
107 106 6.851016469693221 
107 108 4.379640003349763 
107 117 5.246508949068112 
108 4 4.533578313343675 
108 98 4.605457820478646 
108 107 4.379640003349763 
108 109 5.960208204196055 
108 118 6.117500194128821 
109 1 6.8032311885526 
109 99 6.228306227544973 
109 108 5.960208204196055 
109 110 6.523556092699685 
109 119 1.8118096535014252 
110 1 6.29289323538331 
110 100 0.8320549913958447 
110 109 6.523556092699685 
110 111 7.5406441491857406 
110 120 2.4006272204957915 
111 2 6.11369046964016 
111 21 5.321600535128566 
111 101 8.409891243436856 
111 110 7.5406441491857406 
111 112 8.42844481463019 
111 121 8.177418646542106 
112 2 0.9361433655621859 
112 21 3.0184046794747412 
112 102 5.219285961165494 
112 111 8.42844481463019 
112 113 1.6870369373138212 
112 122 3.234693439077258 
113 3 5.985240546801585 
113 103 7.845805750938586 
113 112 1.6870369373138212 
113 114 4.578368154747794 
113 123 4.778922063933001 
114 3 5.679261670488798 
114 104 5.028687422414491 
114 113 4.578368154747794 
114 124 8.732730967117355 
115 105 2.203935895364327 
115 116 4.035133801813939 
116 13 4.17161770400094 
116 106 4.182140768517817 
116 115 4.035133801813939 
116 117 7.346397848670157 
117 4 6.315333230432925 
117 13 4.992035852017005 
117 107 5.246508949068112 
117 116 7.346397848670157 
117 118 5.591430257415302 
118 4 2.210132156826007 
118 108 6.117500194128821 
118 117 5.591430257415302 
118 119 0.2550302509752772 
119 1 1.8638197187653627 
119 109 1.8118096535014252 
119 118 0.2550302509752772 
119 120 6.191426282052966 
120 1 3.8959929487908633 
120 110 2.4006272204957915 
120 119 6.191426282052966 
120 121 5.1028360629178895 
121 2 4.810533382164338 
121 111 8.177418646542106 
121 120 5.1028360629178895 
121 122 3.7545671493156734 
122 2 9.305776302504142 
122 112 3.234693439077258 
122 121 3.7545671493156734 
122 123 6.951650529255395 
123 113 4.778922063933001 
123 122 6.951650529255395 
123 124 4.5518019886766155 
124 114 8.732730967117355 
124 123 4.5518019886766155 
P 
0 1.0 10.0 10.0 
1 1.0 10.0 10.0 
2 1.0 10.0 10.0 
3 1.0 10.0 10.0 
4 1.0 10.0 10.0 
5 1.0 2.5 2.5 
6 1.0 2.5 2.5 
7 1.0 2.5 2.5 
8 1.0 2.5 2.5 
9 1.0 2.5 2.5 
10 1.0 2.5 2.5 
11 1.0 2.5 2.5 
12 1.0 2.5 2.5 
13 1.0 2.5 2.5 
14 1.0 2.5 2.5 
15 1.0 2.5 2.5 
16 1.0 2.5 2.5 
17 1.0 2.5 2.5 
18 1.0 2.5 2.5 
19 1.0 2.5 2.5 
20 1.0 2.5 2.5 
21 1.0 2.5 2.5 
22 1.0 2.5 2.5 
23 1.0 2.5 2.5 
24 1.0 2.5 2.5 
25 0.0 -1.0 -30.0 
26 0.0 -1.0 -30.0 
27 0.0 -1.0 -30.0 
28 0.0 -1.0 -30.0 
29 0.0 -1.0 -30.0 
30 0.0 -1.0 -30.0 
31 0.0 -1.0 -30.0 
32 0.0 -1.0 -30.0 
33 0.0 -1.0 -30.0 
34 0.0 -1.0 -30.0 
35 0.0 -1.0 -30.0 
36 0.0 -1.0 -30.0 
37 0.0 -1.0 -30.0 
38 0.0 -1.0 -30.0 
39 0.0 -1.0 -30.0 
40 0.0 -1.0 -30.0 
41 0.0 -1.0 -30.0 
42 0.0 -1.0 -30.0 
43 0.0 -1.0 -30.0 
44 0.0 -1.0 -30.0 
45 0.0 -1.0 -30.0 
46 0.0 -1.0 -30.0 
47 0.0 -1.0 -30.0 
48 0.0 -1.0 -30.0 
49 0.0 -1.0 -30.0 
50 0.0 -1.0 -30.0 
51 0.0 -1.0 -30.0 
52 0.0 -1.0 -30.0 
53 0.0 -1.0 -30.0 
54 0.0 -1.0 -30.0 
55 0.0 -1.0 -30.0 
56 0.0 -1.0 -30.0 
57 0.0 -1.0 -30.0 
58 0.0 -1.0 -30.0 
59 0.0 -1.0 -30.0 
60 0.0 -1.0 -30.0 
61 0.0 -1.0 -30.0 
62 0.0 -1.0 -30.0 
63 0.0 -1.0 -30.0 
64 0.0 -1.0 -30.0 
65 0.0 -1.0 -30.0 
66 0.0 -1.0 -30.0 
67 0.0 -1.0 -30.0 
68 0.0 -1.0 -30.0 
69 0.0 -1.0 -30.0 
70 0.0 -1.0 -30.0 
71 0.0 -1.0 -30.0 
72 0.0 -1.0 -30.0 
73 0.0 -1.0 -30.0 
74 0.0 -1.0 -30.0 
75 0.0 -1.0 -30.0 
76 0.0 -1.0 -30.0 
77 0.0 -1.0 -30.0 
78 0.0 -1.0 -30.0 
79 0.0 -1.0 -30.0 
80 0.0 -1.0 -30.0 
81 0.0 -1.0 -30.0 
82 0.0 -1.0 -30.0 
83 0.0 -1.0 -30.0 
84 0.0 -1.0 -30.0 
85 0.0 -1.0 -30.0 
86 0.0 -1.0 -30.0 
87 0.0 -1.0 -30.0 
88 0.0 -1.0 -30.0 
89 0.0 -1.0 -30.0 
90 0.0 -1.0 -30.0 
91 0.0 -1.0 -30.0 
92 0.0 -1.0 -30.0 
93 0.0 -1.0 -30.0 
94 0.0 -1.0 -30.0 
95 0.0 -1.0 -30.0 
96 0.0 -1.0 -30.0 
97 0.0 -1.0 -30.0 
98 0.0 -1.0 -30.0 
99 0.0 -1.0 -30.0 
100 0.0 -1.0 -30.0 
101 0.0 -1.0 -30.0 
102 0.0 -1.0 -30.0 
103 0.0 -1.0 -30.0 
104 0.0 -1.0 -30.0 
105 0.0 -1.0 -30.0 
106 0.0 -1.0 -30.0 
107 0.0 -1.0 -30.0 
108 0.0 -1.0 -30.0 
109 0.0 -1.0 -30.0 
110 0.0 -1.0 -30.0 
111 0.0 -1.0 -30.0 
112 0.0 -1.0 -30.0 
113 0.0 -1.0 -30.0 
114 0.0 -1.0 -30.0 
115 0.0 -1.0 -30.0 
116 0.0 -1.0 -30.0 
117 0.0 -1.0 -30.0 
118 0.0 -1.0 -30.0 
119 0.0 -1.0 -30.0 
120 0.0 -1.0 -30.0 
121 0.0 -1.0 -30.0 
122 0.0 -1.0 -30.0 
123 0.0 -1.0 -30.0 
124 0.0 -1.0 -30.0 
Alfa 
0 1.0 
1 1.0 
2 1.0 
3 1.0 
4 1.0 
5 1.0 
6 1.0 
7 1.0 
8 1.0 
9 1.0 
10 1.0 
11 1.0 
12 1.0 
13 1.0 
14 1.0 
15 1.0 
16 1.0 
17 1.0 
18 1.0 
19 1.0 
20 1.0 
21 1.0 
22 1.0 
23 1.0 
24 1.0 
25 1.0 
26 1.0 
27 1.0 
28 1.0 
29 1.0 
30 1.0 
31 1.0 
32 1.0 
33 1.0 
34 1.0 
35 1.0 
36 1.0 
37 1.0 
38 1.0 
39 1.0 
40 1.0 
41 1.0 
42 1.0 
43 1.0 
44 1.0 
45 1.0 
46 1.0 
47 1.0 
48 1.0 
49 1.0 
50 1.0 
51 1.0 
52 1.0 
53 1.0 
54 1.0 
55 1.0 
56 1.0 
57 1.0 
58 1.0 
59 1.0 
60 1.0 
61 1.0 
62 1.0 
63 1.0 
64 1.0 
65 1.0 
66 1.0 
67 1.0 
68 1.0 
69 1.0 
70 1.0 
71 1.0 
72 1.0 
73 1.0 
74 1.0 
75 1.0 
76 1.0 
77 1.0 
78 1.0 
79 1.0 
80 1.0 
81 1.0 
82 1.0 
83 1.0 
84 1.0 
85 1.0 
86 1.0 
87 1.0 
88 1.0 
89 1.0 
90 1.0 
91 1.0 
92 1.0 
93 1.0 
94 1.0 
95 1.0 
96 1.0 
97 1.0 
98 1.0 
99 1.0 
100 1.0 
101 1.0 
102 1.0 
103 1.0 
104 1.0 
105 1.0 
106 1.0 
107 1.0 
108 1.0 
109 1.0 
110 1.0 
111 1.0 
112 1.0 
113 1.0 
114 1.0 
115 1.0 
116 1.0 
117 1.0 
118 1.0 
119 1.0 
120 1.0 
121 1.0 
122 1.0 
123 1.0 
124 1.0 
