125 560 
K 
0 46 5.565732936468567 
0 47 6.207914188252983 
0 56 5.977698891732526 
0 57 5.059342521404721 
1 102 4.722096016402707 
1 103 4.552589669837369 
1 112 3.867753018626872 
1 113 1.7449003269654098 
2 109 6.674185603607573 
2 110 4.032335652248306 
2 119 6.6407747173111975 
2 120 6.211008030096718 
3 103 3.2736498969322603 
3 104 4.5286250645398125 
3 113 4.056879397373392 
3 114 6.277364856799537 
4 56 4.835231753037148 
4 57 5.558469037456478 
4 66 3.0285917895855117 
4 67 3.5049744762118857 
5 86 6.590380691022325 
5 87 2.1944244337337104 
5 96 4.1422092288450845 
5 97 4.467257509898841 
6 67 2.221916817237633 
6 68 4.124154046546977 
6 77 7.78364792093317 
6 78 5.381104973013155 
7 62 6.184100559365689 
7 63 5.361865100234114 
7 72 5.935522679371598 
7 73 3.4638301842979664 
8 63 5.791591671042687 
8 64 5.166320076840095 
8 73 4.860036754780387 
8 74 4.459171904305106 
9 106 4.694955777019014 
9 107 7.04985521560139 
9 116 5.930299408802778 
9 117 7.253709358947486 
10 77 4.057958121027124 
10 78 4.6566560664482495 
10 87 1.7449783994312895 
10 88 8.679188051995819 
11 72 3.9674459093775334 
11 73 3.7451499184082433 
11 82 5.446889476986699 
11 83 6.640876750613108 
12 52 6.160861774752979 
12 53 4.015447644442337 
12 62 5.477943639666187 
12 63 8.694268693829995 
13 42 4.893529098859357 
13 43 7.251727918704999 
13 52 1.1015235881863583 
13 53 2.2002793392474307 
14 60 4.3151135384208255 
14 61 4.479435412472958 
14 70 4.348597758813776 
14 71 7.898631583548502 
15 73 2.414989153813753 
15 74 2.3072980584676683 
15 83 5.048065070788071 
15 84 8.3149118213647 
16 39 3.397712363691534 
16 40 8.33921134064523 
16 49 2.2824449008205807 
16 50 4.078069430580666 
17 113 1.2796676184436095 
17 114 2.0069145860826945 
17 123 3.7499587232148905 
17 124 5.73321260970308 
18 87 4.362313867433361 
18 88 4.870709037202053 
18 97 3.023084653712991 
18 98 5.298945046486162 
19 58 6.525835536271725 
19 59 2.5471138882394904 
19 68 5.947498861058012 
19 69 2.1996448215313364 
20 90 4.535269306512182 
20 91 3.8001347021968654 
20 100 2.0401195843702187 
20 101 6.136508767719254 
21 79 3.194231205155351 
21 80 2.5886100962858283 
21 89 5.060169795573426 
21 90 3.4113604871262186 
22 88 4.9864998893655645 
22 89 4.179427288864953 
22 98 4.064029530846362 
22 99 3.648678700189545 
23 51 2.96159337805439 
23 52 4.917916822064466 
23 61 6.736178651355534 
23 62 6.97360373762942 
24 37 5.720389129958075 
24 38 2.0989844953208725 
24 47 4.663109340359946 
24 48 1.3651137271565132 
25 26 4.086514408410779 
25 35 5.128627463055842 
26 25 4.086514408410779 
26 27 7.621842394648164 
26 36 4.410096013054749 
27 26 7.621842394648164 
27 28 6.425064064118761 
27 37 1.6904643239947021 
28 27 6.425064064118761 
28 29 3.4449235384878767 
28 38 4.809356719518696 
29 28 3.4449235384878767 
29 30 1.8446152874046358 
29 39 6.813756507916279 
30 29 1.8446152874046358 
30 31 9.907392336300617 
30 40 6.371714554605871 
31 30 9.907392336300617 
31 32 3.251950209617137 
31 41 3.182456187002588 
32 31 3.251950209617137 
32 33 8.016720114271806 
32 42 5.548996405278579 
33 32 8.016720114271806 
33 34 2.914459678189067 
33 43 8.046139749785402 
34 33 2.914459678189067 
34 44 4.628583826944694 
35 25 5.128627463055842 
35 36 5.4248242746727895 
35 45 5.3788761904807085 
36 26 4.410096013054749 
36 35 5.4248242746727895 
36 37 2.661143137494191 
36 46 6.001597526443155 
37 24 5.720389129958075 
37 27 1.6904643239947021 
37 36 2.661143137494191 
37 38 2.9976027494568256 
37 47 6.036835829284753 
38 24 2.0989844953208725 
38 28 4.809356719518696 
38 37 2.9976027494568256 
38 39 3.7431822591147537 
38 48 6.224419456791857 
39 16 3.397712363691534 
39 29 6.813756507916279 
39 38 3.7431822591147537 
39 40 6.210180949795195 
39 49 5.07713948112497 
40 16 8.33921134064523 
40 30 6.371714554605871 
40 39 6.210180949795195 
40 41 7.413624918826338 
40 50 2.9587414612257494 
41 31 3.182456187002588 
41 40 7.413624918826338 
41 42 2.5877021970945773 
41 51 7.148645438228936 
42 13 4.893529098859357 
42 32 5.548996405278579 
42 41 2.5877021970945773 
42 43 6.1546204263431115 
42 52 5.230415487956429 
43 13 7.251727918704999 
43 33 8.046139749785402 
43 42 6.1546204263431115 
43 44 3.481871860183882 
43 53 3.4077661174871006 
44 34 4.628583826944694 
44 43 3.481871860183882 
44 54 5.1447764760434715 
45 35 5.3788761904807085 
45 46 5.325320308188503 
45 55 8.120895085158127 
46 0 5.565732936468567 
46 36 6.001597526443155 
46 45 5.325320308188503 
46 47 1.4799984091410856 
46 56 4.896533138334018 
47 0 6.207914188252983 
47 24 4.663109340359946 
47 37 6.036835829284753 
47 46 1.4799984091410856 
47 48 3.648093969027876 
47 57 4.790216893119517 
48 24 1.3651137271565132 
48 38 6.224419456791857 
48 47 3.648093969027876 
48 49 6.310990485025613 
48 58 4.563680729685444 
49 16 2.2824449008205807 
49 39 5.07713948112497 
49 48 6.310990485025613 
49 50 3.335330214184645 
49 59 4.638403638752329 
50 16 4.078069430580666 
50 40 2.9587414612257494 
50 49 3.335330214184645 
50 51 4.156635520684655 
50 60 6.990206846605595 
51 23 2.96159337805439 
51 41 7.148645438228936 
51 50 4.156635520684655 
51 52 6.541049958859319 
51 61 4.715689570991019 
52 12 6.160861774752979 
52 13 1.1015235881863583 
52 23 4.917916822064466 
52 42 5.230415487956429 
52 51 6.541049958859319 
52 53 7.448756256037189 
52 62 5.020023944266724 
53 12 4.015447644442337 
53 13 2.2002793392474307 
53 43 3.4077661174871006 
53 52 7.448756256037189 
53 54 8.180795237759236 
53 63 5.774181486117614 
54 44 5.1447764760434715 
54 53 8.180795237759236 
54 64 3.8989172508523557 
55 45 8.120895085158127 
55 56 5.222197231310965 
55 65 4.96662147783433 
56 0 5.977698891732526 
56 4 4.835231753037148 
56 46 4.896533138334018 
56 55 5.222197231310965 
56 57 4.0523519956786505 
56 66 7.396398225264671 
57 0 5.059342521404721 
57 4 5.558469037456478 
57 47 4.790216893119517 
57 56 4.0523519956786505 
57 58 5.15358316441737 
57 67 4.185668864268184 
58 19 6.525835536271725 
58 48 4.563680729685444 
58 57 5.15358316441737 
58 59 3.5134630896885284 
58 68 5.973162292765724 
59 19 2.5471138882394904 
59 49 4.638403638752329 
59 58 3.5134630896885284 
59 60 4.361005511013063 
59 69 7.370511511065554 
60 14 4.3151135384208255 
60 50 6.990206846605595 
60 59 4.361005511013063 
60 61 5.172064945418764 
60 70 4.252977085209311 
61 14 4.479435412472958 
61 23 6.736178651355534 
61 51 4.715689570991019 
61 60 5.172064945418764 
61 62 9.436596560506528 
61 71 4.9004986330308915 
62 7 6.184100559365689 
62 12 5.477943639666187 
62 23 6.97360373762942 
62 52 5.020023944266724 
62 61 9.436596560506528 
62 63 5.399703754582184 
62 72 3.0293066681217917 
63 7 5.361865100234114 
63 8 5.791591671042687 
63 12 8.694268693829995 
63 53 5.774181486117614 
63 62 5.399703754582184 
63 64 7.020203424853218 
63 73 8.502258716654271 
64 8 5.166320076840095 
64 54 3.8989172508523557 
64 63 7.020203424853218 
64 74 2.597210396195895 
65 55 4.96662147783433 
65 66 6.166554692282107 
65 75 8.741029228455169 
66 4 3.0285917895855117 
66 56 7.396398225264671 
66 65 6.166554692282107 
66 67 3.7589451567282706 
66 76 5.077688851734869 
67 4 3.5049744762118857 
67 6 2.221916817237633 
67 57 4.185668864268184 
67 66 3.7589451567282706 
67 68 1.3828008391667879 
67 77 5.326643607514578 
68 6 4.124154046546977 
68 19 5.947498861058012 
68 58 5.973162292765724 
68 67 1.3828008391667879 
68 69 9.103405903164166 
68 78 5.760810079113968 
69 19 2.1996448215313364 
69 59 7.370511511065554 
69 68 9.103405903164166 
69 70 4.690446477610896 
69 79 3.054315477083538 
70 14 4.348597758813776 
70 60 4.252977085209311 
70 69 4.690446477610896 
70 71 2.486960087857477 
70 80 4.395803670961929 
71 14 7.898631583548502 
71 61 4.9004986330308915 
71 70 2.486960087857477 
71 72 6.793972048794177 
71 81 4.295649022236481 
72 7 5.935522679371598 
72 11 3.9674459093775334 
72 62 3.0293066681217917 
72 71 6.793972048794177 
72 73 3.306693137292616 
72 82 3.3207271593033747 
73 7 3.4638301842979664 
73 8 4.860036754780387 
73 11 3.7451499184082433 
73 15 2.414989153813753 
73 63 8.502258716654271 
73 72 3.306693137292616 
73 74 5.6061028695148805 
73 83 6.83923438985825 
74 8 4.459171904305106 
74 15 2.3072980584676683 
74 64 2.597210396195895 
74 73 5.6061028695148805 
74 84 1.9477938162116586 
75 65 8.741029228455169 
75 76 4.224161967586437 
75 85 3.8949717358349747 
76 66 5.077688851734869 
76 75 4.224161967586437 
76 77 2.5208988426115435 
76 86 6.304419666334663 
77 6 7.78364792093317 
77 10 4.057958121027124 
77 67 5.326643607514578 
77 76 2.5208988426115435 
77 78 7.4117450655735695 
77 87 3.562765889644135 
78 6 5.381104973013155 
78 10 4.6566560664482495 
78 68 5.760810079113968 
78 77 7.4117450655735695 
78 79 5.396908931577004 
78 88 0.297088677940997 
79 21 3.194231205155351 
79 69 3.054315477083538 
79 78 5.396908931577004 
79 80 5.883305284557956 
79 89 3.745852290946467 
80 21 2.5886100962858283 
80 70 4.395803670961929 
80 79 5.883305284557956 
80 81 7.672336515451 
80 90 3.392080158580298 
81 71 4.295649022236481 
81 80 7.672336515451 
81 82 3.595988273027265 
81 91 5.181103911659454 
82 11 5.446889476986699 
82 72 3.3207271593033747 
82 81 3.595988273027265 
82 83 5.025178504271685 
82 92 2.5975721728655445 
83 11 6.640876750613108 
83 15 5.048065070788071 
83 73 6.83923438985825 
83 82 5.025178504271685 
83 84 2.7805457710257735 
83 93 2.1629019912845555 
84 15 8.3149118213647 
84 74 1.9477938162116586 
84 83 2.7805457710257735 
84 94 3.7894256256376515 
85 75 3.8949717358349747 
85 86 2.117805421519459 
85 95 5.38775997361842 
86 5 6.590380691022325 
86 76 6.304419666334663 
86 85 2.117805421519459 
86 87 6.079460779515449 
86 96 5.525217707457427 
87 5 2.1944244337337104 
87 10 1.7449783994312895 
87 18 4.362313867433361 
87 77 3.562765889644135 
87 86 6.079460779515449 
87 88 4.478215766345797 
87 97 4.7717339888036765 
88 10 8.679188051995819 
88 18 4.870709037202053 
88 22 4.9864998893655645 
88 78 0.297088677940997 
88 87 4.478215766345797 
88 89 5.506988153340347 
88 98 8.806038020389128 
89 21 5.060169795573426 
89 22 4.179427288864953 
89 79 3.745852290946467 
89 88 5.506988153340347 
89 90 3.5008535100963343 
89 99 9.18006323617568 
90 20 4.535269306512182 
90 21 3.4113604871262186 
90 80 3.392080158580298 
90 89 3.5008535100963343 
90 91 1.6559144282278626 
90 100 3.613596939423247 
91 20 3.8001347021968654 
91 81 5.181103911659454 
91 90 1.6559144282278626 
91 92 6.343385044511396 
91 101 2.603514784003888 
92 82 2.5975721728655445 
92 91 6.343385044511396 
92 93 6.917207121338651 
92 102 3.1324900110874014 
93 83 2.1629019912845555 
93 92 6.917207121338651 
93 94 4.580490074692643 
93 103 7.437001576140921 
94 84 3.7894256256376515 
94 93 4.580490074692643 
94 104 5.6567403934262455 
95 85 5.38775997361842 
95 96 1.4646086341052245 
95 105 4.495047066034685 
96 5 4.1422092288450845 
96 86 5.525217707457427 
96 95 1.4646086341052245 
96 97 2.9125669972291957 
96 106 5.648698450361872 
97 5 4.467257509898841 
97 18 3.023084653712991 
97 87 4.7717339888036765 
97 96 2.9125669972291957 
97 98 7.7634428619087155 
97 107 7.423445570008532 
98 18 5.298945046486162 
98 22 4.064029530846362 
98 88 8.806038020389128 
98 97 7.7634428619087155 
98 99 5.688917933181547 
98 108 3.9716633471549696 
99 22 3.648678700189545 
99 89 9.18006323617568 
99 98 5.688917933181547 
99 100 7.055650518424859 
99 109 1.142931421170501 
100 20 2.0401195843702187 
100 90 3.613596939423247 
100 99 7.055650518424859 
100 101 2.9024390612982542 
100 110 6.295959519377815 
101 20 6.136508767719254 
101 91 2.603514784003888 
101 100 2.9024390612982542 
101 102 4.6943114127786005 
101 111 3.8664415300101176 
102 1 4.722096016402707 
102 92 3.1324900110874014 
102 101 4.6943114127786005 
102 103 6.4582989086241565 
102 112 7.577136580162633 
103 1 4.552589669837369 
103 3 3.2736498969322603 
103 93 7.437001576140921 
103 102 6.4582989086241565 
103 104 1.9890335490249618 
103 113 6.08266595356405 
104 3 4.5286250645398125 
104 94 5.6567403934262455 
104 103 1.9890335490249618 
104 114 4.721697700806578 
105 95 4.495047066034685 
105 106 2.3129524534993533 
105 115 4.5670926016906 
106 9 4.694955777019014 
106 96 5.648698450361872 
106 105 2.3129524534993533 
106 107 2.859152974458191 
106 116 1.9695102095093286 
107 9 7.04985521560139 
107 97 7.423445570008532 
107 106 2.859152974458191 
107 108 3.84648278469707 
107 117 3.2907930390430753 
108 98 3.9716633471549696 
108 107 3.84648278469707 
108 109 5.926224077330956 
108 118 7.710162088358446 
109 2 6.674185603607573 
109 99 1.142931421170501 
109 108 5.926224077330956 
109 110 5.724683263378145 
109 119 5.947738628793808 
110 2 4.032335652248306 
110 100 6.295959519377815 
110 109 5.724683263378145 
110 111 5.566060380975193 
110 120 5.3829713975344795 
111 101 3.8664415300101176 
111 110 5.566060380975193 
111 112 3.158973766576006 
111 121 7.101471300060707 
112 1 3.867753018626872 
112 102 7.577136580162633 
112 111 3.158973766576006 
112 113 4.488346327572381 
112 122 6.331286642393375 
113 1 1.7449003269654098 
113 3 4.056879397373392 
113 17 1.2796676184436095 
113 103 6.08266595356405 
113 112 4.488346327572381 
113 114 6.907145163219827 
113 123 2.5045617568019365 
114 3 6.277364856799537 
114 17 2.0069145860826945 
114 104 4.721697700806578 
114 113 6.907145163219827 
114 124 6.77617928064565 
115 105 4.5670926016906 
115 116 4.921708272666354 
116 9 5.930299408802778 
116 106 1.9695102095093286 
116 115 4.921708272666354 
116 117 4.480820984003645 
117 9 7.253709358947486 
117 107 3.2907930390430753 
117 116 4.480820984003645 
117 118 2.659090570054979 
118 108 7.710162088358446 
118 117 2.659090570054979 
118 119 8.697185589404981 
119 2 6.6407747173111975 
119 109 5.947738628793808 
119 118 8.697185589404981 
119 120 5.009127344854209 
120 2 6.211008030096718 
120 110 5.3829713975344795 
120 119 5.009127344854209 
120 121 6.219817651049738 
121 111 7.101471300060707 
121 120 6.219817651049738 
121 122 8.319465948202758 
122 112 6.331286642393375 
122 121 8.319465948202758 
122 123 4.235485813025724 
123 17 3.7499587232148905 
123 113 2.5045617568019365 
123 122 4.235485813025724 
123 124 5.1702976847668065 
124 17 5.73321260970308 
124 114 6.77617928064565 
124 123 5.1702976847668065 
P 
0 1.0 10.0 10.0 
1 1.0 10.0 10.0 
2 1.0 10.0 10.0 
3 1.0 10.0 10.0 
4 1.0 10.0 10.0 
5 1.0 2.5 2.5 
6 1.0 2.5 2.5 
7 1.0 2.5 2.5 
8 1.0 2.5 2.5 
9 1.0 2.5 2.5 
10 1.0 2.5 2.5 
11 1.0 2.5 2.5 
12 1.0 2.5 2.5 
13 1.0 2.5 2.5 
14 1.0 2.5 2.5 
15 1.0 2.5 2.5 
16 1.0 2.5 2.5 
17 1.0 2.5 2.5 
18 1.0 2.5 2.5 
19 1.0 2.5 2.5 
20 1.0 2.5 2.5 
21 1.0 2.5 2.5 
22 1.0 2.5 2.5 
23 1.0 2.5 2.5 
24 1.0 2.5 2.5 
25 0.0 -1.0 -2.0 
26 0.0 -1.0 -2.0 
27 0.0 -1.0 -2.0 
28 0.0 -1.0 -2.0 
29 0.0 -1.0 -2.0 
30 0.0 -1.0 -2.0 
31 0.0 -1.0 -2.0 
32 0.0 -1.0 -2.0 
33 0.0 -1.0 -2.0 
34 0.0 -1.0 -2.0 
35 0.0 -1.0 -2.0 
36 0.0 -1.0 -2.0 
37 0.0 -1.0 -2.0 
38 0.0 -1.0 -2.0 
39 0.0 -1.0 -2.0 
40 0.0 -1.0 -2.0 
41 0.0 -1.0 -2.0 
42 0.0 -1.0 -2.0 
43 0.0 -1.0 -2.0 
44 0.0 -1.0 -2.0 
45 0.0 -1.0 -2.0 
46 0.0 -1.0 -2.0 
47 0.0 -1.0 -2.0 
48 0.0 -1.0 -2.0 
49 0.0 -1.0 -2.0 
50 0.0 -1.0 -2.0 
51 0.0 -1.0 -2.0 
52 0.0 -1.0 -2.0 
53 0.0 -1.0 -2.0 
54 0.0 -1.0 -2.0 
55 0.0 -1.0 -2.0 
56 0.0 -1.0 -2.0 
57 0.0 -1.0 -2.0 
58 0.0 -1.0 -2.0 
59 0.0 -1.0 -2.0 
60 0.0 -1.0 -2.0 
61 0.0 -1.0 -2.0 
62 0.0 -1.0 -2.0 
63 0.0 -1.0 -2.0 
64 0.0 -1.0 -2.0 
65 0.0 -1.0 -2.0 
66 0.0 -1.0 -2.0 
67 0.0 -1.0 -2.0 
68 0.0 -1.0 -2.0 
69 0.0 -1.0 -2.0 
70 0.0 -1.0 -2.0 
71 0.0 -1.0 -2.0 
72 0.0 -1.0 -2.0 
73 0.0 -1.0 -2.0 
74 0.0 -1.0 -2.0 
75 0.0 -1.0 -2.0 
76 0.0 -1.0 -2.0 
77 0.0 -1.0 -2.0 
78 0.0 -1.0 -2.0 
79 0.0 -1.0 -2.0 
80 0.0 -1.0 -2.0 
81 0.0 -1.0 -2.0 
82 0.0 -1.0 -2.0 
83 0.0 -1.0 -2.0 
84 0.0 -1.0 -2.0 
85 0.0 -1.0 -2.0 
86 0.0 -1.0 -2.0 
87 0.0 -1.0 -2.0 
88 0.0 -1.0 -2.0 
89 0.0 -1.0 -2.0 
90 0.0 -1.0 -2.0 
91 0.0 -1.0 -2.0 
92 0.0 -1.0 -2.0 
93 0.0 -1.0 -2.0 
94 0.0 -1.0 -2.0 
95 0.0 -1.0 -2.0 
96 0.0 -1.0 -2.0 
97 0.0 -1.0 -2.0 
98 0.0 -1.0 -2.0 
99 0.0 -1.0 -2.0 
100 0.0 -1.0 -2.0 
101 0.0 -1.0 -2.0 
102 0.0 -1.0 -2.0 
103 0.0 -1.0 -2.0 
104 0.0 -1.0 -2.0 
105 0.0 -1.0 -2.0 
106 0.0 -1.0 -2.0 
107 0.0 -1.0 -2.0 
108 0.0 -1.0 -2.0 
109 0.0 -1.0 -2.0 
110 0.0 -1.0 -2.0 
111 0.0 -1.0 -2.0 
112 0.0 -1.0 -2.0 
113 0.0 -1.0 -2.0 
114 0.0 -1.0 -2.0 
115 0.0 -1.0 -2.0 
116 0.0 -1.0 -2.0 
117 0.0 -1.0 -2.0 
118 0.0 -1.0 -2.0 
119 0.0 -1.0 -2.0 
120 0.0 -1.0 -2.0 
121 0.0 -1.0 -2.0 
122 0.0 -1.0 -2.0 
123 0.0 -1.0 -2.0 
124 0.0 -1.0 -2.0 
Alfa 
0 1.0 
1 1.0 
2 1.0 
3 1.0 
4 1.0 
5 1.0 
6 1.0 
7 1.0 
8 1.0 
9 1.0 
10 1.0 
11 1.0 
12 1.0 
13 1.0 
14 1.0 
15 1.0 
16 1.0 
17 1.0 
18 1.0 
19 1.0 
20 1.0 
21 1.0 
22 1.0 
23 1.0 
24 1.0 
25 1.0 
26 1.0 
27 1.0 
28 1.0 
29 1.0 
30 1.0 
31 1.0 
32 1.0 
33 1.0 
34 1.0 
35 1.0 
36 1.0 
37 1.0 
38 1.0 
39 1.0 
40 1.0 
41 1.0 
42 1.0 
43 1.0 
44 1.0 
45 1.0 
46 1.0 
47 1.0 
48 1.0 
49 1.0 
50 1.0 
51 1.0 
52 1.0 
53 1.0 
54 1.0 
55 1.0 
56 1.0 
57 1.0 
58 1.0 
59 1.0 
60 1.0 
61 1.0 
62 1.0 
63 1.0 
64 1.0 
65 1.0 
66 1.0 
67 1.0 
68 1.0 
69 1.0 
70 1.0 
71 1.0 
72 1.0 
73 1.0 
74 1.0 
75 1.0 
76 1.0 
77 1.0 
78 1.0 
79 1.0 
80 1.0 
81 1.0 
82 1.0 
83 1.0 
84 1.0 
85 1.0 
86 1.0 
87 1.0 
88 1.0 
89 1.0 
90 1.0 
91 1.0 
92 1.0 
93 1.0 
94 1.0 
95 1.0 
96 1.0 
97 1.0 
98 1.0 
99 1.0 
100 1.0 
101 1.0 
102 1.0 
103 1.0 
104 1.0 
105 1.0 
106 1.0 
107 1.0 
108 1.0 
109 1.0 
110 1.0 
111 1.0 
112 1.0 
113 1.0 
114 1.0 
115 1.0 
116 1.0 
117 1.0 
118 1.0 
119 1.0 
120 1.0 
121 1.0 
122 1.0 
123 1.0 
124 1.0 
