125 560 
K 
0 77 4.859825776267472 
0 78 5.84694194937115 
0 87 3.7360629506338654 
0 88 4.503567188008648 
1 101 2.9682053698050135 
1 102 4.533998062106793 
1 111 2.9243657542527437 
1 112 0.9927046419153146 
2 112 3.6194263588767623 
2 113 5.789240365416015 
2 122 6.337533185027394 
2 123 4.817444071572629 
3 93 3.2387112178291666 
3 94 0.6962242206306446 
3 103 4.450665115432107 
3 104 3.918905463872651 
4 109 4.537524802013691 
4 110 4.323925720722518 
4 119 6.559475003968209 
4 120 4.108213904720987 
5 76 4.594912471395875 
5 77 8.223368710696782 
5 86 1.3045473841134836 
5 87 7.205605836289378 
6 70 4.5347879310002375 
6 71 5.578213448590586 
6 80 4.551861738890667 
6 81 3.6303305710326534 
7 41 1.3128791241907134 
7 42 4.002994288863144 
7 51 4.327960625286614 
7 52 5.547582061300169 
8 40 4.638211989754142 
8 41 4.912159472558869 
8 50 1.4773154579344934 
8 51 2.9642911699493646 
9 86 0.4704573657518135 
9 87 0.5640631349002995 
9 96 1.005629935655309 
9 97 8.078368370675385 
10 90 3.8616222215469542 
10 91 4.114561876205176 
10 100 2.3606167190948266 
10 101 6.213056582013325 
11 48 2.2602594159213574 
11 49 8.352959596960794 
11 58 3.6823614093669867 
11 59 2.4951983466840977 
12 58 7.092070638669296 
12 59 4.3877738393405865 
12 68 5.963095151028234 
12 69 4.622678110542178 
13 67 3.9767645420776097 
13 68 3.3405863783780627 
13 77 6.088425605657086 
13 78 8.408537634299265 
14 38 8.284648545125425 
14 39 3.798034275744151 
14 48 3.4750437286409297 
14 49 3.74119802948297 
15 71 7.991646504031719 
15 72 5.449826625535128 
15 81 5.410780482658748 
15 82 4.24696727344114 
16 49 6.096957588798215 
16 50 3.6595208484563333 
16 59 7.9910936790884 
16 60 6.137470391642779 
17 99 7.150017843734229 
17 100 3.5485637560534937 
17 109 3.2572059693623054 
17 110 5.820567890476299 
18 72 2.0470694445211266 
18 73 3.6346967161582233 
18 82 4.196045136911098 
18 83 7.304743608170832 
19 83 8.302462162066812 
19 84 2.2668977156052854 
19 93 8.152220592621253 
19 94 4.971825063743619 
20 113 4.621126022447756 
20 114 4.121842978995359 
20 123 6.951616210918463 
20 124 5.264450217085154 
21 66 8.027614272738534 
21 67 7.9139626052600915 
21 76 4.166574671889899 
21 77 1.848274999015671 
22 52 4.957104958074027 
22 53 5.910830449614253 
22 62 7.555696120840661 
22 63 4.585770540554571 
23 80 4.182040496941672 
23 81 5.786621297601046 
23 90 7.608912295120042 
23 91 5.877203966182558 
24 59 4.749779341749812 
24 60 1.5701026678433911 
24 69 5.96594923746359 
24 70 3.0944956507878434 
25 26 3.575013917004787 
25 35 5.866097739072705 
26 25 3.575013917004787 
26 27 3.6932951360369892 
26 36 6.726129535321244 
27 26 3.6932951360369892 
27 28 3.675750032182075 
27 37 3.7895780035006883 
28 27 3.675750032182075 
28 29 6.228260357050126 
28 38 6.596047716383744 
29 28 6.228260357050126 
29 30 6.822653691365951 
29 39 5.496793159136768 
30 29 6.822653691365951 
30 31 4.841224124458904 
30 40 5.929182551244947 
31 30 4.841224124458904 
31 32 7.552857333977633 
31 41 6.910826499806326 
32 31 7.552857333977633 
32 33 6.586111025860239 
32 42 5.158816125467549 
33 32 6.586111025860239 
33 34 5.211672314962126 
33 43 3.629994072038071 
34 33 5.211672314962126 
34 44 8.614523083811573 
35 25 5.866097739072705 
35 36 7.588925787348308 
35 45 6.80124047124729 
36 26 6.726129535321244 
36 35 7.588925787348308 
36 37 7.585835181963397 
36 46 3.1487422596685435 
37 27 3.7895780035006883 
37 36 7.585835181963397 
37 38 4.587366716657443 
37 47 7.94563773145121 
38 14 8.284648545125425 
38 28 6.596047716383744 
38 37 4.587366716657443 
38 39 6.34646359584594 
38 48 5.321620047604969 
39 14 3.798034275744151 
39 29 5.496793159136768 
39 38 6.34646359584594 
39 40 2.5092390005283427 
39 49 0.5402185959131456 
40 8 4.638211989754142 
40 30 5.929182551244947 
40 39 2.5092390005283427 
40 41 3.6255253401298067 
40 50 6.710729422415724 
41 7 1.3128791241907134 
41 8 4.912159472558869 
41 31 6.910826499806326 
41 40 3.6255253401298067 
41 42 2.1143058083538584 
41 51 4.998204252663341 
42 7 4.002994288863144 
42 32 5.158816125467549 
42 41 2.1143058083538584 
42 43 3.0422357325224403 
42 52 3.0490776880121304 
43 33 3.629994072038071 
43 42 3.0422357325224403 
43 44 6.836920274396123 
43 53 5.283611356870802 
44 34 8.614523083811573 
44 43 6.836920274396123 
44 54 5.236281807821899 
45 35 6.80124047124729 
45 46 5.384096537458067 
45 55 3.578602464672405 
46 36 3.1487422596685435 
46 45 5.384096537458067 
46 47 5.396795479934049 
46 56 7.629177927774903 
47 37 7.94563773145121 
47 46 5.396795479934049 
47 48 2.1197918016324464 
47 57 9.238531793818918 
48 11 2.2602594159213574 
48 14 3.4750437286409297 
48 38 5.321620047604969 
48 47 2.1197918016324464 
48 49 4.591889827768819 
48 58 5.838931110250523 
49 11 8.352959596960794 
49 14 3.74119802948297 
49 16 6.096957588798215 
49 39 0.5402185959131456 
49 48 4.591889827768819 
49 50 6.6853917032407875 
49 59 5.328372940174936 
50 8 1.4773154579344934 
50 16 3.6595208484563333 
50 40 6.710729422415724 
50 49 6.6853917032407875 
50 51 2.690917568032408 
50 60 2.037819926599412 
51 7 4.327960625286614 
51 8 2.9642911699493646 
51 41 4.998204252663341 
51 50 2.690917568032408 
51 52 5.2010266940442 
51 61 5.530033817030361 
52 7 5.547582061300169 
52 22 4.957104958074027 
52 42 3.0490776880121304 
52 51 5.2010266940442 
52 53 4.637436957290628 
52 62 5.256757977987228 
53 22 5.910830449614253 
53 43 5.283611356870802 
53 52 4.637436957290628 
53 54 1.4285078196794765 
53 63 3.33744474079853 
54 44 5.236281807821899 
54 53 1.4285078196794765 
54 64 8.856664592755244 
55 45 3.578602464672405 
55 56 7.537367550265063 
55 65 5.828599158676042 
56 46 7.629177927774903 
56 55 7.537367550265063 
56 57 3.0309471727924797 
56 66 8.588269702392491 
57 47 9.238531793818918 
57 56 3.0309471727924797 
57 58 8.201019046665465 
57 67 8.606860165551387 
58 11 3.6823614093669867 
58 12 7.092070638669296 
58 48 5.838931110250523 
58 57 8.201019046665465 
58 59 5.4826751910906 
58 68 5.467292288602608 
59 11 2.4951983466840977 
59 12 4.3877738393405865 
59 16 7.9910936790884 
59 24 4.749779341749812 
59 49 5.328372940174936 
59 58 5.4826751910906 
59 60 6.916557445335302 
59 69 6.429028771925977 
60 16 6.137470391642779 
60 24 1.5701026678433911 
60 50 2.037819926599412 
60 59 6.916557445335302 
60 61 7.381428991197768 
60 70 5.089833854826118 
61 51 5.530033817030361 
61 60 7.381428991197768 
61 62 7.714571357844964 
61 71 6.8419041410084755 
62 22 7.555696120840661 
62 52 5.256757977987228 
62 61 7.714571357844964 
62 63 4.957902522958745 
62 72 2.139635212929573 
63 22 4.585770540554571 
63 53 3.33744474079853 
63 62 4.957902522958745 
63 64 2.469764081642432 
63 73 2.067241095275385 
64 54 8.856664592755244 
64 63 2.469764081642432 
64 74 6.656789766584208 
65 55 5.828599158676042 
65 66 7.537841970843761 
65 75 4.39477742150732 
66 21 8.027614272738534 
66 56 8.588269702392491 
66 65 7.537841970843761 
66 67 5.633397775148266 
66 76 3.44188347747243 
67 13 3.9767645420776097 
67 21 7.9139626052600915 
67 57 8.606860165551387 
67 66 5.633397775148266 
67 68 7.605938981250195 
67 77 5.35862862298993 
68 12 5.963095151028234 
68 13 3.3405863783780627 
68 58 5.467292288602608 
68 67 7.605938981250195 
68 69 3.6671065222325376 
68 78 5.525804869205196 
69 12 4.622678110542178 
69 24 5.96594923746359 
69 59 6.429028771925977 
69 68 3.6671065222325376 
69 70 5.209660486964697 
69 79 8.188205425444195 
70 6 4.5347879310002375 
70 24 3.0944956507878434 
70 60 5.089833854826118 
70 69 5.209660486964697 
70 71 3.694671425877629 
70 80 6.261895692355319 
71 6 5.578213448590586 
71 15 7.991646504031719 
71 61 6.8419041410084755 
71 70 3.694671425877629 
71 72 8.004626874509599 
71 81 8.007950286965642 
72 15 5.449826625535128 
72 18 2.0470694445211266 
72 62 2.139635212929573 
72 71 8.004626874509599 
72 73 5.238327887962143 
72 82 5.833054932085787 
73 18 3.6346967161582233 
73 63 2.067241095275385 
73 72 5.238327887962143 
73 74 8.257184449320397 
73 83 5.138029666085783 
74 64 6.656789766584208 
74 73 8.257184449320397 
74 84 2.817722792465468 
75 65 4.39477742150732 
75 76 5.667449566071058 
75 85 5.747717509935621 
76 5 4.594912471395875 
76 21 4.166574671889899 
76 66 3.44188347747243 
76 75 5.667449566071058 
76 77 5.686137089288497 
76 86 6.86305178726764 
77 0 4.859825776267472 
77 5 8.223368710696782 
77 13 6.088425605657086 
77 21 1.848274999015671 
77 67 5.35862862298993 
77 76 5.686137089288497 
77 78 4.911597855997161 
77 87 5.038581090870885 
78 0 5.84694194937115 
78 13 8.408537634299265 
78 68 5.525804869205196 
78 77 4.911597855997161 
78 79 2.3925765276653737 
78 88 7.5765940830677705 
79 69 8.188205425444195 
79 78 2.3925765276653737 
79 80 3.640805822554648 
79 89 8.762906438155406 
80 6 4.551861738890667 
80 23 4.182040496941672 
80 70 6.261895692355319 
80 79 3.640805822554648 
80 81 1.667907165479114 
80 90 7.144583665463703 
81 6 3.6303305710326534 
81 15 5.410780482658748 
81 23 5.786621297601046 
81 71 8.007950286965642 
81 80 1.667907165479114 
81 82 5.428645987237765 
81 91 5.980024847772362 
82 15 4.24696727344114 
82 18 4.196045136911098 
82 72 5.833054932085787 
82 81 5.428645987237765 
82 83 8.190888341265048 
82 92 5.270225749647717 
83 18 7.304743608170832 
83 19 8.302462162066812 
83 73 5.138029666085783 
83 82 8.190888341265048 
83 84 1.858287827362957 
83 93 2.2033205028463865 
84 19 2.2668977156052854 
84 74 2.817722792465468 
84 83 1.858287827362957 
84 94 4.6777876312568445 
85 75 5.747717509935621 
85 86 4.5343828118485465 
85 95 5.095366224343654 
86 5 1.3045473841134836 
86 9 0.4704573657518135 
86 76 6.86305178726764 
86 85 4.5343828118485465 
86 87 4.402051349086802 
86 96 0.5802704509405171 
87 0 3.7360629506338654 
87 5 7.205605836289378 
87 9 0.5640631349002995 
87 77 5.038581090870885 
87 86 4.402051349086802 
87 88 5.3897536269455975 
87 97 6.4949446869448835 
88 0 4.503567188008648 
88 78 7.5765940830677705 
88 87 5.3897536269455975 
88 89 1.3426130643839795 
88 98 6.199430970142934 
89 79 8.762906438155406 
89 88 1.3426130643839795 
89 90 6.085528682348249 
89 99 2.2526695487846933 
90 10 3.8616222215469542 
90 23 7.608912295120042 
90 80 7.144583665463703 
90 89 6.085528682348249 
90 91 2.972225532150855 
90 100 4.523557821244923 
91 10 4.114561876205176 
91 23 5.877203966182558 
91 81 5.980024847772362 
91 90 2.972225532150855 
91 92 0.7084308110951315 
91 101 9.675406726183727 
92 82 5.270225749647717 
92 91 0.7084308110951315 
92 93 3.013992288683572 
92 102 1.407474388329407 
93 3 3.2387112178291666 
93 19 8.152220592621253 
93 83 2.2033205028463865 
93 92 3.013992288683572 
93 94 2.405822816947347 
93 103 8.951514438762162 
94 3 0.6962242206306446 
94 19 4.971825063743619 
94 84 4.6777876312568445 
94 93 2.405822816947347 
94 104 3.709321669742645 
95 85 5.095366224343654 
95 96 0.970237033549578 
95 105 2.907260973663508 
96 9 1.005629935655309 
96 86 0.5802704509405171 
96 95 0.970237033549578 
96 97 3.8798050485611832 
96 106 3.6814849161134786 
97 9 8.078368370675385 
97 87 6.4949446869448835 
97 96 3.8798050485611832 
97 98 3.6564420141457994 
97 107 5.7013449854959575 
98 88 6.199430970142934 
98 97 3.6564420141457994 
98 99 9.067726906144166 
98 108 6.206334549229589 
99 17 7.150017843734229 
99 89 2.2526695487846933 
99 98 9.067726906144166 
99 100 8.762171312073132 
99 109 9.059941333251171 
100 10 2.3606167190948266 
100 17 3.5485637560534937 
100 90 4.523557821244923 
100 99 8.762171312073132 
100 101 4.563971359884389 
100 110 7.050547788484385 
101 1 2.9682053698050135 
101 10 6.213056582013325 
101 91 9.675406726183727 
101 100 4.563971359884389 
101 102 2.852994235148853 
101 111 4.688154605760273 
102 1 4.533998062106793 
102 92 1.407474388329407 
102 101 2.852994235148853 
102 103 4.26324981743426 
102 112 2.672995315394823 
103 3 4.450665115432107 
103 93 8.951514438762162 
103 102 4.26324981743426 
103 104 5.011053267933133 
103 113 3.052301365012428 
104 3 3.918905463872651 
104 94 3.709321669742645 
104 103 5.011053267933133 
104 114 4.6418583711153865 
105 95 2.907260973663508 
105 106 5.14378259788875 
105 115 1.7175599247503248 
106 96 3.6814849161134786 
106 105 5.14378259788875 
106 107 5.65404274717417 
106 116 5.51757184237303 
107 97 5.7013449854959575 
107 106 5.65404274717417 
107 108 2.043352061503919 
107 117 0.8918308430357313 
108 98 6.206334549229589 
108 107 2.043352061503919 
108 109 3.125373559298586 
108 118 4.921346286323606 
109 4 4.537524802013691 
109 17 3.2572059693623054 
109 99 9.059941333251171 
109 108 3.125373559298586 
109 110 3.5059283421479988 
109 119 7.861782032428179 
110 4 4.323925720722518 
110 17 5.820567890476299 
110 100 7.050547788484385 
110 109 3.5059283421479988 
110 111 5.899055563712963 
110 120 7.553896073563057 
111 1 2.9243657542527437 
111 101 4.688154605760273 
111 110 5.899055563712963 
111 112 8.166211783935399 
111 121 3.687655169538925 
112 1 0.9927046419153146 
112 2 3.6194263588767623 
112 102 2.672995315394823 
112 111 8.166211783935399 
112 113 3.2480640045935085 
112 122 4.911446374702242 
113 2 5.789240365416015 
113 20 4.621126022447756 
113 103 3.052301365012428 
113 112 3.2480640045935085 
113 114 5.454129114727204 
113 123 2.417124890516933 
114 20 4.121842978995359 
114 104 4.6418583711153865 
114 113 5.454129114727204 
114 124 5.894093172682804 
115 105 1.7175599247503248 
115 116 4.380926429432098 
116 106 5.51757184237303 
116 115 4.380926429432098 
116 117 6.493265944340806 
117 107 0.8918308430357313 
117 116 6.493265944340806 
117 118 3.325629585104577 
118 108 4.921346286323606 
118 117 3.325629585104577 
118 119 9.552587157495967 
119 4 6.559475003968209 
119 109 7.861782032428179 
119 118 9.552587157495967 
119 120 6.074571251969477 
120 4 4.108213904720987 
120 110 7.553896073563057 
120 119 6.074571251969477 
120 121 0.40481634806494193 
121 111 3.687655169538925 
121 120 0.40481634806494193 
121 122 5.523607894590647 
122 2 6.337533185027394 
122 112 4.911446374702242 
122 121 5.523607894590647 
122 123 4.20271154084792 
123 2 4.817444071572629 
123 20 6.951616210918463 
123 113 2.417124890516933 
123 122 4.20271154084792 
123 124 4.806423505621375 
124 20 5.264450217085154 
124 114 5.894093172682804 
124 123 4.806423505621375 
P 
0 1.0 10.0 10.0 
1 1.0 10.0 10.0 
2 1.0 10.0 10.0 
3 1.0 10.0 10.0 
4 1.0 10.0 10.0 
5 1.0 2.5 2.5 
6 1.0 2.5 2.5 
7 1.0 2.5 2.5 
8 1.0 2.5 2.5 
9 1.0 2.5 2.5 
10 1.0 2.5 2.5 
11 1.0 2.5 2.5 
12 1.0 2.5 2.5 
13 1.0 2.5 2.5 
14 1.0 2.5 2.5 
15 1.0 2.5 2.5 
16 1.0 2.5 2.5 
17 1.0 2.5 2.5 
18 1.0 2.5 2.5 
19 1.0 2.5 2.5 
20 1.0 2.5 2.5 
21 1.0 2.5 2.5 
22 1.0 2.5 2.5 
23 1.0 2.5 2.5 
24 1.0 2.5 2.5 
25 0.0 -1.0 -2.0 
26 0.0 -1.0 -2.0 
27 0.0 -1.0 -2.0 
28 0.0 -1.0 -2.0 
29 0.0 -1.0 -2.0 
30 0.0 -1.0 -2.0 
31 0.0 -1.0 -2.0 
32 0.0 -1.0 -2.0 
33 0.0 -1.0 -2.0 
34 0.0 -1.0 -2.0 
35 0.0 -1.0 -2.0 
36 0.0 -1.0 -2.0 
37 0.0 -1.0 -2.0 
38 0.0 -1.0 -2.0 
39 0.0 -1.0 -2.0 
40 0.0 -1.0 -2.0 
41 0.0 -1.0 -2.0 
42 0.0 -1.0 -2.0 
43 0.0 -1.0 -2.0 
44 0.0 -1.0 -2.0 
45 0.0 -1.0 -2.0 
46 0.0 -1.0 -2.0 
47 0.0 -1.0 -2.0 
48 0.0 -1.0 -2.0 
49 0.0 -1.0 -2.0 
50 0.0 -1.0 -2.0 
51 0.0 -1.0 -2.0 
52 0.0 -1.0 -2.0 
53 0.0 -1.0 -2.0 
54 0.0 -1.0 -2.0 
55 0.0 -1.0 -2.0 
56 0.0 -1.0 -2.0 
57 0.0 -1.0 -2.0 
58 0.0 -1.0 -2.0 
59 0.0 -1.0 -2.0 
60 0.0 -1.0 -2.0 
61 0.0 -1.0 -2.0 
62 0.0 -1.0 -2.0 
63 0.0 -1.0 -2.0 
64 0.0 -1.0 -2.0 
65 0.0 -1.0 -2.0 
66 0.0 -1.0 -2.0 
67 0.0 -1.0 -2.0 
68 0.0 -1.0 -2.0 
69 0.0 -1.0 -2.0 
70 0.0 -1.0 -2.0 
71 0.0 -1.0 -2.0 
72 0.0 -1.0 -2.0 
73 0.0 -1.0 -2.0 
74 0.0 -1.0 -2.0 
75 0.0 -1.0 -2.0 
76 0.0 -1.0 -2.0 
77 0.0 -1.0 -2.0 
78 0.0 -1.0 -2.0 
79 0.0 -1.0 -2.0 
80 0.0 -1.0 -2.0 
81 0.0 -1.0 -2.0 
82 0.0 -1.0 -2.0 
83 0.0 -1.0 -2.0 
84 0.0 -1.0 -2.0 
85 0.0 -1.0 -2.0 
86 0.0 -1.0 -2.0 
87 0.0 -1.0 -2.0 
88 0.0 -1.0 -2.0 
89 0.0 -1.0 -2.0 
90 0.0 -1.0 -2.0 
91 0.0 -1.0 -2.0 
92 0.0 -1.0 -2.0 
93 0.0 -1.0 -2.0 
94 0.0 -1.0 -2.0 
95 0.0 -1.0 -2.0 
96 0.0 -1.0 -2.0 
97 0.0 -1.0 -2.0 
98 0.0 -1.0 -2.0 
99 0.0 -1.0 -2.0 
100 0.0 -1.0 -2.0 
101 0.0 -1.0 -2.0 
102 0.0 -1.0 -2.0 
103 0.0 -1.0 -2.0 
104 0.0 -1.0 -2.0 
105 0.0 -1.0 -2.0 
106 0.0 -1.0 -2.0 
107 0.0 -1.0 -2.0 
108 0.0 -1.0 -2.0 
109 0.0 -1.0 -2.0 
110 0.0 -1.0 -2.0 
111 0.0 -1.0 -2.0 
112 0.0 -1.0 -2.0 
113 0.0 -1.0 -2.0 
114 0.0 -1.0 -2.0 
115 0.0 -1.0 -2.0 
116 0.0 -1.0 -2.0 
117 0.0 -1.0 -2.0 
118 0.0 -1.0 -2.0 
119 0.0 -1.0 -2.0 
120 0.0 -1.0 -2.0 
121 0.0 -1.0 -2.0 
122 0.0 -1.0 -2.0 
123 0.0 -1.0 -2.0 
124 0.0 -1.0 -2.0 
Alfa 
0 1.0 
1 1.0 
2 1.0 
3 1.0 
4 1.0 
5 1.0 
6 1.0 
7 1.0 
8 1.0 
9 1.0 
10 1.0 
11 1.0 
12 1.0 
13 1.0 
14 1.0 
15 1.0 
16 1.0 
17 1.0 
18 1.0 
19 1.0 
20 1.0 
21 1.0 
22 1.0 
23 1.0 
24 1.0 
25 1.0 
26 1.0 
27 1.0 
28 1.0 
29 1.0 
30 1.0 
31 1.0 
32 1.0 
33 1.0 
34 1.0 
35 1.0 
36 1.0 
37 1.0 
38 1.0 
39 1.0 
40 1.0 
41 1.0 
42 1.0 
43 1.0 
44 1.0 
45 1.0 
46 1.0 
47 1.0 
48 1.0 
49 1.0 
50 1.0 
51 1.0 
52 1.0 
53 1.0 
54 1.0 
55 1.0 
56 1.0 
57 1.0 
58 1.0 
59 1.0 
60 1.0 
61 1.0 
62 1.0 
63 1.0 
64 1.0 
65 1.0 
66 1.0 
67 1.0 
68 1.0 
69 1.0 
70 1.0 
71 1.0 
72 1.0 
73 1.0 
74 1.0 
75 1.0 
76 1.0 
77 1.0 
78 1.0 
79 1.0 
80 1.0 
81 1.0 
82 1.0 
83 1.0 
84 1.0 
85 1.0 
86 1.0 
87 1.0 
88 1.0 
89 1.0 
90 1.0 
91 1.0 
92 1.0 
93 1.0 
94 1.0 
95 1.0 
96 1.0 
97 1.0 
98 1.0 
99 1.0 
100 1.0 
101 1.0 
102 1.0 
103 1.0 
104 1.0 
105 1.0 
106 1.0 
107 1.0 
108 1.0 
109 1.0 
110 1.0 
111 1.0 
112 1.0 
113 1.0 
114 1.0 
115 1.0 
116 1.0 
117 1.0 
118 1.0 
119 1.0 
120 1.0 
121 1.0 
122 1.0 
123 1.0 
124 1.0 
